Name: marsden
-0.9047091
0.69556236
-0.6123055
-0.978233
0.3710404
-1.399138
0.111996405
0.14169733
-0.7791515
-1.3812636
0.16970891
-1.1004667
0.9477926
1.0401887
-1.0704889
-0.116152614
0.5136403
-1.3753351
-0.11811913
-0.8051043
-0.8013482
0.9633136
0.9788957
-1.9707483
-0.82764256
-0.08344486
-0.718586
-0.3383213
-0.19863576
1.4031701
2.239025
0.6848318
1.0319828
-0.8245628
-0.08931746
0.92187476
0.57991904
-0.34077936
-0.5955761
-0.76254886
0.06599045
0.47434875
-0.6599876
1.3957989
0.7127226
0.5754796
0.4646152
0.36247537
-1.4059017
0.6594122
-0.09537856
-1.9001377
-0.44593838
-1.1510787
0.45484534
0.59007573
-1.3577735
-0.9436109
0.93272215
1.6669482
-0.9695461
-0.9038782
-0.18164697
-0.89956766
-0.518542
1.246587
-2.3553948
0.47840914
0.4967137
0.61715233
0.45579135
0.19915761
1.9990872
-0.10535768
-1.5660083
-1.5603186
1.1086769
0.43094832
-0.9644062
1.0622982
0.43528846
0.40377718
0.09622201
1.5780617
-0.081423014
-0.94817346
-0.67231995
-0.8734113
1.199905
-1.1149393
-1.6539032
-2.1734097
0.7612441
0.3568609
0.8409023
0.7142754
1.4755259
-1.5996711
0.11292372
1.1530156
-0.91467726
0.38615358
1.743532
0.7324414
0.502834
-0.62123215
-1.5601817
-0.0053025233
0.59328526
-2.2268379
0.29058903
-0.5840929
-2.3309715
3.2776685
0.51941466
-0.5079007
0.10813499
1.2228225
1.4504199
0.36953384
0.6447694
-1.9069303
0.41709238
0.03997087
1.4990114
-1.124324
1.3233917
1.5660785
1.1212828
1.2462897
-0.40800312
0.56696314
0.16952465
-0.08203735
0.67964274
-0.6123842
0.16806355
-0.6688544
-0.27436855
0.7383083
0.6347761
2.1281111
-0.0046181814
0.46627975
0.19827524
1.183623
0.5181703
-1.0080888
-2.1922648
-1.1267955
-1.6007273
0.6116967
0.5299694
0.10650742
-0.8599794
-0.025267726
0.75504315
-0.63046014
-0.33265123
1.9043436
-0.78086513
-2.5374734
-0.29753536
-0.18817525
0.15797244
-0.9203949
0.2943552
-0.15805565
1.3530337
0.07109136
0.74997413
-0.9983046
-0.23111981
1.8351082
-1.611182
-1.5992038
-0.8473588
1.0050052
-0.063891664
0.4236104
-0.6704332
0.42799804
0.06220048
1.3164226
0.52182543
1.1345729
-0.94292724
1.070292
-0.5055299
0.16569434
-0.52752787
-0.18618762
-0.54942
0.17424116
-1.3281
-0.4405829
1.3271995
0.8958289
0.9303771
0.18448725
-0.7413771
-0.053656872
-0.13828668
0.02944284
1.1519668
0.6715986
-0.017575137
0.11818922
0.3976604
-0.622331
-0.80453897
-0.76695806
0.6730478
-0.26730365
0.43728873
-0.2515914
1.4296296
-0.16192144
-1.591248
1.5103234
-1.2778376
1.4088027
0.5296469
0.6484435
-0.4398371
-0.46770176
1.3217424
-0.38823843
0.33769614
-0.09971458
-0.035520725
1.0892818
-1.1965456
0.056190122
0.49219686
1.2505463
1.0916834
-0.44569895
0.36551622
0.5079533
-0.26329142
1.0847874
0.0502607
2.0497983
-1.8404464
-0.05755592
-0.3493475
1.0655476
-2.0930011
0.5617777
0.21186915
0.91994184
1.5834701
0.93426
-1.2668246
0.0598541
0.8654747
-0.9628822
1.3101645
1.9675969
0.22346991
0.4660237
0.19731271
1.985239
0.8441459
1.2825266
1.6637164
-0.27013314
-0.43262246
0.28380662
0.11215682
-0.34208643
0.9992312
-0.07943094
0.94508994
-1.1979511
-0.56941956
0.3394988
2.761357
-1.550058
1.1763797
-0.43340197
0.71631646
-0.34799305
1.1248313
-0.23622432
-1.4114672
-2.1542177
1.2565742
-0.6057838
-0.27699944
-1.413344
-1.3685216
0.379846
-0.24120615
1.1044707
0.5839193
-1.1505811
0.29726878
-0.2869714
1.2684919
1.9647095
0.7083001
0.56385255
0.08979972
1.9166654
-0.5944141
-0.51132596
1.7735459
0.47576532
0.5241593
-0.33197406
1.0772979
-0.42593268
0.611475
0.047498047
-2.7303762
0.5728854
0.021391496
-0.9735441
1.0294878
0.8002751
-0.09064185
1.9120982
-0.2856012
-0.8439601
-0.66397995
0.071831405
-0.58561283
-1.8384976
-0.3233007
0.4556159
-0.027052678
-0.8861829
-0.6962677
-0.27252293
-0.57450575
-0.25639057
0.7196043
0.31493807
0.68266344
0.8398929
-0.009964892
0.29794177
-0.40372726
-0.2100319
1.3491584
-0.6936175
-1.4062446
0.26248455
1.2264026
1.0467852
-0.5404108
0.30973053
-0.6142889
1.753605
-0.62759465
-0.39006606
0.91897523
1.3562274
-0.9031521
-1.2794391
-0.92278844
-1.4552162
-0.21836208
-0.45188466
-1.2009223
-1.2907218
-0.056231845
0.6673922
1.3006488
0.19274536
-0.7098439
-0.6746153
-0.6364219
0.36553165
2.0194116
-0.995091
-0.2580273
-1.8332715
0.29117236
-0.28366005
0.80060726
1.8420359
-1.0395911
0.06960783
-0.08910648
-0.05720939
-1.1783917
0.448959
1.1466727
-1.1156039
-1.0949576
-1.7114223
1.5216901
-0.2638996
0.3187188
-0.68250144
-0.6260421
-0.30492476
-0.6273709
1.3086963
-0.6952277
-0.6639306
-0.7402993
0.7178979
-0.4947562
0.76062423
-0.72999066
-1.1455708
-0.85675013
-0.94705737
0.38694143
-0.48636195
0.8879252
-0.23627184
-2.2140968
-0.034209456
0.03156682
0.51014555
1.1562622
0.6365842
0.3802324
-0.018939806
-0.8117102
-0.04615282
-1.831941
2.038969
2.245428
-0.2550635
0.9492808
1.1975869
-0.78106904
0.5350042
0.6603554
-0.5671287
-0.2342679
1.3265101
-0.056582537
0.9780525
0.30080938
-0.63129663
1.0767365
0.0013381672
0.20310384
0.19634706
0.48802543
-0.17325096
1.0436755
-1.2707071
0.70675814
0.4554938
-0.7812727
-1.7427654
-0.8143829
0.17384481
-0.24274921
-0.63349366
0.49825445
0.323666
0.113259606
0.5925549
-0.31099904
1.0477706
-1.147847
0.98910004
0.39928448
-0.5800885
-0.5613845
-0.41385725
0.405482
1.7287099
-0.7200888
0.017457768
-2.5115247
0.2007734
0.90283954
0.7741343
0.8958794
0.096717134
0.17051281
0.41087183
-1.631516
-1.2752874
-0.32357475
0.4048786
0.730497
1.7129482
0.19856812
1.1624565
-0.9509773
0.23805085
-0.95619434
1.8988849
0.87246805
0.24786158
0.3060685
1.2347194
1.482255
-0.8251995
1.6781111
0.020528361
0.83652955
-1.4663361
-0.8650439
-1.6874031
-0.45323083
-1.1904361
0.024435673
1.6184635
0.73955804
2.005947
Name: base2
-0.3914563
0.095033795
-0.14615047
-0.17734432
-0.25713804
0.26127344
0.14206222
0.815972
-0.78958184
0.23511145
-0.72639084
-0.04058838
-1.1121856
-0.8976446
-0.41181174
0.4090523
0.14706229
0.76131964
-0.18974851
0.33300734
-0.2152574
0.7574878
-0.29772907
0.17413343
-0.17349336
0.21906917
-0.05666016
-1.1515267
-0.4356346
0.14662178
0.48858184
-0.55457306
-0.30110264
0.620987
-0.5116335
1.2319908
0.3052837
0.9598757
-0.7813298
-0.40377206
-0.5548135
0.14845327
-0.36516163
0.8540669
0.0099515915
-0.6055852
0.8829196
0.5369766
-0.29454818
-1.0304455
1.3860047
0.23976068
-0.599858
-0.01604633
-0.025927436
-0.44410002
0.34773457
1.2751069
-0.017281128
0.35409734
-0.40540186
0.8262862
0.8377583
-1.0384337
0.26221222
0.11288153
0.33269495
-0.15049107
-0.27680635
0.34649742
0.6044721
-0.21864645
0.31378904
1.0532011
-0.369689
0.1733367
-0.4115692
0.5365709
-0.23145139
-0.29936695
-0.6493844
-0.2788
0.64058906
0.054006323
-0.60507786
-0.31339112
-0.730197
-0.9927195
0.1631973
0.16998747
0.87378365
-1.2565625
0.4091766
0.6141253
0.011637855
-0.19807935
-0.8742579
0.52310663
-0.06900363
-0.033188716
0.60268795
0.4588791
0.113271534
-0.5041337
-0.72752774
0.23425336
0.13958266
-0.18354474
-0.42541537
0.47512174
0.36039576
-0.7000579
0.4293854
1.5087074
-0.1822778
-0.062491946
0.73076427
-0.6707331
0.058951214
-0.06881864
-0.8497281
0.25534603
-0.65647197
0.40866637
0.14346114
-0.09133455
-0.59945405
0.23008417
-0.4759125
-0.8145157
-0.10507484
0.29442066
0.13225788
0.32823858
0.45369112
0.14621472
-0.4399615
0.16642809
-0.0623995
0.19675389
0.7965917
0.6630407
-0.037741467
0.7693108
-0.75489163
0.6033401
-0.28849995
0.61746794
-1.6794642
-0.45331597
-0.44654936
-0.83303
0.40960985
-0.4812825
0.5189426
0.031076387
-0.15904045
0.8086551
-0.29297227
-0.7860873
-0.41515124
0.7267537
-0.045313
0.772742
-0.6901635
0.023672763
-0.3564545
-0.5763425
-0.9483296
0.08726872
-0.2828173
-0.6193837
0.59173447
0.4521593
0.31573898
-0.6709931
-0.78953743
-0.4863659
0.8313354
-0.85323495
0.3182277
0.62338114
-0.85580015
-0.03328529
-0.4471986
-0.4740189
-0.19797356
-0.2424501
0.6908149
-0.47698087
-0.28908274
-0.6165767
-0.18579647
0.23986496
-0.16808628
0.006790936
0.38556552
-0.3575516
0.21959575
-0.8005946
0.18010342
-0.23185053
-0.48239005
0.6836952
-0.41922128
-0.37413496
0.01212918
1.0097653
-0.8595353
-0.53745615
0.5324926
1.0783966
-0.15789789
-0.517443
0.24850203
-0.19888563
0.09581252
-0.5957488
-0.16799733
-0.01843661
-0.6687509
-1.1240839
0.68187934
0.41253486
0.17810404
-1.0904002
0.25349802
-0.6081887
0.03813227
0.06818467
-0.41650948
0.66767436
-0.09645595
-0.0057422966
0.089875996
-0.11901564
0.013953485
0.558467
-0.48470217
0.5491862
-0.8380716
-0.20915245
0.2619481
0.58127296
-0.46633115
0.12398255
-0.5329737
0.7188178
-0.30111653
0.06616691
0.37575874
-0.23874757
0.004684858
1.2355614
-0.9682423
-0.5666301
0.05017686
0.08029412
0.6519503
-0.9181013
-0.1171896
0.110756665
0.032852694
-0.49038446
-0.48907915
-0.67806697
-0.19423391
-0.7560252
0.07255617
0.13450608
-0.60465264
0.20316896
-0.07958758
0.6382704
0.17269772
1.1171108
0.61618745
0.32212198
-0.27151805
-0.25527292
0.3746972
-0.67128277
0.185991
0.121290356
1.1623641
-0.093877524
-0.7594092
-0.3894961
-0.33162302
-0.22150475
0.34475505
-0.44309354
-0.1947113
-1.2617061
-0.81862855
-0.389927
0.2920009
-0.59711957
-0.3355461
0.11807858
0.81137073
0.0346452
-0.34064084
-0.95945543
-0.925753
-0.6237701
-0.9782672
-0.65127057
0.5509485
0.17392768
0.07102263
-0.1438721
0.7373781
0.39681304
0.71004474
-0.52109534
-0.08718321
0.12804538
-0.27179465
-0.11728496
-0.30000466
0.071785465
-0.45401335
0.33967805
0.7587648
-0.37865436
-0.7026099
-0.49523944
-0.28654134
-0.63326406
0.9308798
-0.627077
-0.2344167
0.8093169
-0.6456062
0.7858265
-1.4815992
-0.08611758
0.4788983
-0.7749886
-0.81690806
-0.81036973
0.4237178
-0.033136994
-0.029049963
0.22939461
0.2607007
-0.05122063
0.48389754
0.685464
-0.18151918
-0.6933324
0.5694093
0.14903547
-0.614681
-0.23794647
-0.5401649
0.081587404
-0.10561862
-0.21414253
-0.3276604
-0.20012125
0.6120497
0.43049943
0.09417958
1.4015913
-0.3541858
-0.7965461
-0.55483896
-0.030551746
0.7556487
0.4176979
0.85195583
0.03413181
-1.0378534
-0.4933969
0.45818567
-0.08010319
0.44755048
0.22654505
0.12426916
-0.53959376
0.103795156
1.5169114
-0.66456467
0.3014245
0.23072249
-1.3122137
0.5568368
-0.20772023
0.5157439
-0.60409987
-0.42013204
0.4881355
0.75699985
-0.59422755
-0.34549236
1.0292201
0.4442751
0.08455746
0.06340906
0.65737206
-0.86356086
0.5544145
0.5193209
0.1996442
-0.33086094
0.37143764
-0.24780706
-0.67364615
0.42078277
0.22430345
-0.25040048
-0.063667126
-0.72103214
0.044409543
0.22001594
-0.42221498
-0.5815995
0.5206286
0.41451228
0.24270156
-0.3728888
0.9769224
-0.20500666
-0.08246684
-0.85606223
-0.037149638
0.16116294
0.9265823
-0.6673784
0.800902
-0.5238055
-1.2610022
0.06773498
0.960375
-0.90982175
-0.3882355
-0.6091398
-0.03919967
-0.3711078
0.2564817
-0.22869754
0.23663011
0.4703521
0.5519491
-0.60426843
0.87684864
0.36362502
0.24173285
0.41064754
0.8814101
0.10381824
-0.27178225
0.42164594
-0.62270314
0.20314963
0.7336479
0.63522816
-0.46036366
-0.684245
-1.1773368
0.29169762
0.14079751
-0.033027865
0.14758494
0.24386027
-1.0058434
0.21490815
0.15220341
0.6157315
0.76565874
0.1569719
0.11080986
0.04301791
0.004071176
-1.1961242
0.85225236
0.059354655
0.3679518
-1.1754333
-0.11059447
0.35644317
-0.6685095
0.64086014
-0.96937263
0.34163547
0.3593583
0.0036079884
0.33132842
0.5271547
0.046637386
-0.17074996
0.37357378
-0.034155548
0.019565213
0.6502317
0.16164608
0.9777859
-0.056879476
-0.15665197
-0.45278582
0.5973875
0.5636064
0.9210825
-0.75378346
-0.12801884
-0.20200434
-0.8595133
0.13619289
-0.7488086
1.7657127
Name: jord
-0.14863269
0.28247708
1.7567978
-0.5260973
-0.5325001
-0.95191556
-0.38022083
-0.18028118
0.2760939
-2.2597785
0.04224446
0.36523464
-1.0869293
0.23363544
0.4005679
0.70629525
0.25823283
0.7744785
-0.50879914
0.021463513
-0.56416446
-0.6166431
0.02876112
-0.32010955
-1.349341
-0.4504545
-0.03468288
0.37608916
-0.78016233
0.45823398
1.4473624
2.2589076
-0.6596935
0.90197676
-1.3802475
-0.15972774
1.2606417
-0.71507955
1.2535677
0.6481546
-0.15879652
-0.0044020643
-0.029408345
-1.1784251
-0.7790265
-1.5717608
-0.92572963
0.99652815
0.34439126
-0.95601654
0.79653984
0.29845643
0.91554546
0.8315525
0.05289764
-1.8991462
0.83259356
-0.48144475
-0.4403658
0.47756878
-0.12658148
-0.56592035
-0.07094716
-1.1428381
0.70275694
0.9379164
0.41309148
-0.73651314
-1.5014911
-0.6997028
0.49727944
0.102172256
-1.8408542
1.6287663
-0.06770201
-1.0883577
-0.38337088
-0.8979443
-1.0953141
1.0808188
-0.7574157
1.4630483
0.55388147
-0.61246496
-0.14695825
-0.6972314
1.9695325
-0.9013049
0.30398548
0.16994381
-0.16102485
-0.5441221
0.59425515
-0.08431524
-0.30823538
0.9117311
0.48847798
0.31190917
-0.59215313
-1.385402
-0.7309388
-1.2027477
-0.19483177
-0.5973071
0.47234777
0.23847288
0.08156255
0.10469824
-0.5108761
0.93542105
0.0044351825
-0.6833679
1.1420202
1.4612935
-1.0844586
-0.12338267
1.4997498
0.24756981
-0.5775824
1.0337421
0.4814506
-0.9749327
1.6439469
-0.6828201
0.24699552
0.6245909
2.183561
-0.5210243
-0.5500781
-0.26376283
0.25772417
-0.77830654
0.59030133
-1.4665084
-0.8015328
1.3762778
0.12164421
-0.8673431
0.31467527
0.40942588
-1.8965906
1.3549317
1.2855356
0.3104646
-0.07702412
1.6413313
-0.3556677
0.7149969
-1.0210098
-0.015907057
0.17476515
0.23902474
0.7239639
0.24445389
0.023709364
0.7729936
0.9546013
-0.49778196
0.07379494
-1.1843987
2.4273443
-0.150848
-0.48447463
-0.56493324
0.43429893
-0.26116565
0.21761951
-0.07649103
-0.44634542
0.6490412
-0.23591688
-0.18710117
0.38830405
0.12039526
-0.9315943
-0.13663033
0.13695641
-0.058899924
0.72547126
-1.2199643
-1.4155505
-0.523904
1.0537304
0.9864038
-1.102766
1.716734
-0.71522003
0.76556414
-2.0559678
0.40515354
0.5262557
-0.28588408
0.71792257
-0.9426673
-1.1257771
-1.3897748
0.864483
0.1567389
1.4718843
1.724082
-1.1704609
0.6851816
-0.23467356
-0.8046764
0.41128212
1.5135652
0.4471706
-0.9954519
-0.72337997
-1.0012279
-0.13561775
-0.96078616
-0.06928734
-0.26584962
0.5527952
0.6437473
0.65951306
-1.6093106
-0.25504383
1.757287
0.06937329
1.1826864
0.4856427
0.34153137
-0.26688573
-0.17787538
-0.3204636
0.44846514
-0.36753422
-0.48600018
0.12957652
0.49219194
-2.6067622
-0.09998988
-0.7014208
-0.82825536
1.0689557
-0.03589896
-0.58784384
-1.2440975
-1.0571252
-0.4271882
-0.14988895
1.5164169
-1.1415857
1.5263453
-0.23849264
-0.84681475
-0.6894727
-0.6174591
-0.30896363
-1.4629906
0.42855203
0.9907179
0.6758534
-0.08093217
0.7401883
-1.5837629
-0.9886258
1.5257643
-0.56495565
-2.146246
0.77453613
0.6302695
1.0560393
0.13824144
1.731849
0.4641726
-0.7665696
0.12725104
-0.8767365
-0.42648804
0.9234428
-0.40320373
1.7937318
-0.54627204
-0.72206086
0.37453768
0.75142276
0.82678765
0.49224508
-1.1994805
-0.93491495
-0.8213045
-1.254194
0.7894864
2.5932827
0.04390856
-1.3635986
0.54776746
-0.5097491
1.297578
-0.948402
1.5905539
-0.09623753
0.25941995
-0.8779749
0.15035975
0.9998414
-0.3757534
0.060516838
-0.61850524
-0.17351583
-0.94817805
0.35015163
-0.9994961
0.59844005
-0.8403512
-1.0653005
1.0081757
-1.2717813
0.08231087
0.06669287
2.0512624
-1.2838391
0.8581018
-0.40380475
0.78388894
-1.2227767
0.5521186
-0.6131169
-0.12736666
1.2182324
1.0096098
0.6162296
-0.23404731
-0.35316056
0.21862642
0.5962087
-1.6930178
-0.7568221
-0.007968372
1.3184545
-1.7308886
0.50291526
2.0972633
0.1289174
1.7910607
-0.6408182
-1.1427847
0.54665226
0.648694
-0.57200545
0.9960307
0.47971722
-1.7691506
0.93481314
0.32169747
0.764828
1.2665197
-0.032597024
-0.033402577
1.2154691
1.0418693
1.5541413
-0.7682147
0.90830934
0.28587833
1.366012
-0.9462994
-1.0588421
0.24137236
-0.8063143
-0.28602093
0.21975793
0.8199447
1.321776
1.5732332
-0.34707657
-1.519668
0.14141189
-0.034016766
0.3364525
-1.5476604
-1.3752577
-2.3020208
0.98900914
0.44024664
-0.37613708
-0.47346506
-0.93676406
0.11575926
0.74539244
-1.3414371
0.124178976
0.7354821
-1.1019331
-0.15642248
-0.60297257
1.9298701
-0.17795411
0.82446194
1.6222768
-0.7552389
-0.7052426
-2.7951884
-0.19799216
-0.7450831
-0.65116924
0.66982204
0.42023766
0.032241076
-0.26962996
1.4579269
-0.48480594
0.20448956
0.7372137
-0.4992734
-2.6117904
-1.087426
1.652962
1.226762
0.8350242
-0.28282344
-0.6226677
-0.8645778
0.84387666
0.6537931
0.38603687
-0.23304006
0.15440783
-0.0496404
2.4821255
-1.770425
-0.27154097
-1.3655189
-1.4117922
0.07046937
-0.47393802
-0.89449227
0.1269131
-0.030022345
-1.6894791
0.25900427
1.8196638
0.13916907
0.9580758
0.31036225
-1.2035934
0.19605008
-0.40104815
1.6319596
0.89754534
-0.33186206
-0.15637337
0.37233764
0.72879964
-0.7765292
-0.25470302
1.1862875
-1.3348647
-0.60507196
0.49988854
0.0025400962
0.28107196
0.28862277
0.042932365
-0.35972002
-0.07054172
-0.05501519
1.3393106
-1.5927306
0.93449306
-0.31972912
1.0459304
1.9275193
0.12461855
0.5506586
1.2915833
1.2045782
-0.2767121
0.090571746
0.20834975
-0.6502449
-0.27715462
-0.11506245
0.17692134
-0.49845192
1.743137
-0.527078
1.3391378
-0.5306005
-0.80938333
-1.565381
0.1961747
0.29457954
-0.49145272
-0.12599616
1.1649461
0.30590525
-1.1842333
0.20157799
0.5719701
0.34618238
-0.58671093
0.754484
-1.4010612
-0.021125562
0.4975875
0.9650107
-0.9197304
-0.14061897
0.80809164
0.3001725
1.0922714
-0.15238367
0.28994742
-0.054830328
2.1400707
-0.028527543
-1.2570416
1.3802317
Name: kate
-0.42552617
-0.5542295
-0.11922504
0.2105545
0.28593665
-1.1578789
-0.28233463
-0.015038252
-0.08826016
-0.14380059
-1.1210966
1.089791
-0.739722
-1.0789288
-0.9095562
1.5701556
-0.39320925
0.13978562
0.08386542
-0.41619602
0.2633029
-0.02202893
-0.7956177
0.14038359
-1.0904603
0.6825704
0.45902488
-0.31586173
-0.42577702
0.3117193
-0.8736985
0.36916348
0.25887108
-0.10965479
-0.5244878
0.25321364
1.0278221
-0.20070225
1.4092212
-0.3894854
-0.3037994
0.79383576
0.013325959
0.9835601
0.56712633
-1.6443672
0.2706075
0.2601142
-0.32966247
0.4418497
0.08893913
-0.92472476
-0.050393354
-0.44064862
0.7835348
0.09670189
0.16377947
-1.055104
-0.11275917
0.009870175
-0.24326342
-0.27374426
-0.07772335
-0.18615976
0.051757365
-0.032773923
-0.05828339
-0.35792685
0.5672551
-1.0153964
-0.19593641
0.11301887
0.12171687
0.89302343
-1.7205613
0.24093732
0.47731116
0.29154223
0.22326449
0.56446046
0.40918753
-0.7369053
1.5595354
0.19222862
-0.20474133
-0.43135428
-0.7505149
-0.412848
-0.34189072
1.1115158
0.30326223
-0.89095664
-0.08725871
-0.35804355
0.5824517
0.39719403
-0.22895715
1.4966125
0.9488822
0.1502199
0.6647144
-0.18783775
0.5114677
0.25133026
-0.34890166
-0.5698019
0.42976886
0.30667478
1.2208567
-0.027987732
0.7425081
0.22845277
-0.47062382
-0.80729425
-0.9474794
-0.38088962
-0.16387889
0.9098563
0.74856156
0.44832844
-0.35509223
-0.17111394
-0.61962837
0.883861
1.0167505
0.81024384
-0.7176499
-0.27167374
0.3715587
0.19759145
-0.22845556
-0.03146825
0.6303068
-0.10487242
0.05869469
-0.093627006
-0.4170307
-0.15715991
0.4360621
0.28445095
-0.095889896
0.035274275
0.1866957
0.1269654
-1.0986843
0.17917751
-0.2868931
0.036524326
-0.17591844
-0.7046901
-0.06574934
-0.8591746
-1.1862345
0.19385585
1.0355188
0.25659633
0.13433933
-0.356423
-0.89479303
0.4240912
0.26520565
0.89080155
-0.5685998
0.20887691
-0.22201253
-0.034323603
1.0966969
-0.6707353
0.018620662
-0.44230634
0.5533714
0.13544393
1.3296971
0.51798993
-1.2621053
-0.23641679
-0.938123
0.6010888
-0.036832236
-1.2974365
-0.2583653
0.24106218
-1.0676805
-0.17969806
-0.22576775
-1.4269416
0.6234467
0.1071242
0.9110172
0.23164473
-0.70942444
-0.8594159
0.35129124
0.36183155
-0.38876945
0.040837556
0.38973546
0.4889897
0.36161622
0.34387457
-1.3931454
0.00857833
-0.44918662
-0.5986701
-0.28955293
0.025011444
0.052108265
-0.8625607
-0.6139519
-0.6363994
-0.51092225
0.640001
0.37250096
0.219262
0.8651987
0.67054653
-0.327791
-0.7568209
-0.15460935
0.4168855
-0.9603541
-0.21053407
-0.115138225
0.6488149
-0.82699317
-0.51731175
0.632792
-0.044243813
0.7560178
-1.2299882
-0.848933
0.28702003
-1.0213535
0.63677764
-0.5266149
-0.11788051
-0.74775934
0.7944152
0.089995444
0.09929633
0.5712775
1.0301368
-0.84767115
0.55139756
-0.7784562
0.82867473
1.0657114
-0.050744552
0.25933346
-0.9789096
-0.124397814
-0.06901497
0.84340787
1.0931597
-0.46985364
-0.68860257
-0.13450092
-0.40281597
1.2638062
0.7275653
0.22753063
0.039216846
-0.21753606
-0.52170175
0.3391223
-0.13816357
0.9148871
-0.28523478
0.4317847
0.84315205
-0.703477
0.38356957
-0.44287133
-0.26813924
0.7869129
0.7205487
-0.11150623
-0.1856064
0.4963077
-0.5649139
0.26186967
0.4363868
-0.342326
-1.2194088
-0.7374496
-0.17152596
0.48628297
-1.0472262
0.33885708
-0.3122738
-0.3969227
0.72928905
0.30497476
0.09328224
-0.7532445
0.67253554
-0.036100328
0.040564716
0.31567633
-0.58048725
-0.0010862947
0.16394275
0.4606783
-0.19253734
-0.6456585
-0.08639008
0.14214723
0.11883837
0.36971945
1.1195058
-0.11790903
-0.47741893
0.42811057
1.2409663
0.58666015
0.1869138
-0.14527762
1.1710333
-0.94001806
0.14682141
0.94698673
-0.580923
-1.0270144
0.9292172
0.53546906
0.32883888
-0.036331788
-0.1325765
0.2155715
-0.3431477
0.7583035
-0.87340426
-0.1905239
0.90446293
0.17906316
0.09894544
-1.2018656
0.42013896
-0.18640861
0.45360765
0.012481153
-0.16534725
-0.48957264
0.07701364
-1.0470248
0.7659824
-1.024325
-0.6238221
-0.30232283
-0.35853833
0.00015053153
0.7876757
0.44054574
-0.5271573
-0.014709599
0.50640905
0.43013358
0.34082207
-0.92499965
1.0687798
-0.4696148
1.138356
0.50466883
-0.6008206
-0.0092779845
1.07338
-1.3715382
0.3201896
0.10628918
0.13744012
-0.2889944
0.5323286
0.08293101
-0.23254105
0.25442243
-0.26403287
0.5963042
0.11657101
0.6069547
0.071284294
1.2207785
-0.15536706
-0.1389213
1.4511664
-0.13669145
-0.37335125
-0.9330852
-1.6734171
0.02706024
-1.0004071
1.3772595
-0.1901699
-0.71828496
0.89200294
0.41767398
-0.77432483
-0.55004
0.4420721
0.10396085
0.34463394
-0.82460046
0.23756596
0.013754591
-0.20605129
0.02704677
-0.66836923
-0.44583702
0.024142534
-1.4249995
0.43772167
0.80048513
-0.81168324
0.71910346
1.1483126
0.16120403
-1.056875
0.33034447
-0.25869432
-0.33031595
-0.44646633
-0.27550387
-0.71728706
0.067315094
0.77152556
-1.1506346
0.8055026
-1.0884267
-0.49913967
-0.1212845
-0.8367336
0.73701525
1.3668445
0.09050195
0.44712037
1.0573963
0.093941025
0.21237306
-0.06846242
-1.4034147
0.12116644
-0.3183293
-0.009351131
0.7012029
0.14174946
-0.015716493
0.4583008
-0.72041386
-0.38200474
-0.019839443
0.9073825
1.4256996
0.22026683
0.032367066
-0.30360577
0.39513266
0.2775638
0.24009025
0.40366465
-0.6650758
0.71756554
-0.18401216
-0.28697175
0.9240203
1.2192297
0.57763195
-0.41967726
0.79540277
0.07190368
0.79348063
-0.33717942
-0.1426195
-0.33744586
-0.38514224
-0.49411237
-0.8875826
0.62653285
0.9795594
-0.18390861
-0.15201242
-0.44126898
-0.4279311
0.6206753
0.3707498
-0.3527878
-0.7140038
0.2387108
-0.0056062713
1.3342378
0.3505945
-0.32913232
0.1356644
-0.27651495
-1.2183177
1.1386547
-1.0946858
0.5217548
-0.29847983
0.4929129
-0.18013906
-0.2137393
1.283964
-0.8740839
-0.43106943
0.69604313
-0.18392888
-0.46833646
-0.3772086
-0.33297595
0.5052794
-0.76719695
0.26368397
0.4242211
Name: addy
-0.2557331
-0.9303257
0.1365479
0.40255067
0.051827356
-1.2552513
0.099409
-0.9697677
-1.2761009
0.35182998
-0.45053816
-0.64676255
0.63047093
-0.68772376
-0.80571777
-1.2922093
1.1824837
-1.1339831
-2.042076
0.44429332
-0.7877361
0.5450641
1.1494579
-0.48283413
-1.543733
0.13079996
-0.705958
-0.5530035
1.8579915
0.15550445
-0.71109664
0.8835406
1.2485344
0.93202454
-0.051731918
0.23020245
-0.7812336
0.32822114
1.0517339
-0.16972682
-0.8395995
-0.99892265
1.8772639
-0.58799285
-1.0855207
-1.4804826
-0.64542335
-0.3524501
-0.3115584
1.2204484
-0.82709247
0.16317609
-0.96830446
0.5081896
-0.3010711
0.446381
-0.10441242
0.117557935
-0.44830257
-0.8257957
-0.78423893
-0.49913052
1.3329091
-2.4462326
-0.68281186
0.4334021
-0.30184615
0.14061546
-0.3275786
0.23984812
-0.13745055
1.4090388
0.61565745
0.3054682
0.030839724
-0.6102432
-0.37636268
0.54444695
0.7873287
-0.067718625
-0.5783928
0.45973435
0.54756707
-1.0443124
-1.5394611
-0.19009116
-0.32529643
0.75170743
0.082430795
-1.8950415
-1.1585163
0.26357695
-0.82726276
-0.3896466
0.20612735
-0.19169727
0.04923543
-0.61305016
-0.31523964
-0.95770377
-0.010424608
-0.0815979
0.3322998
-1.6760834
-0.75099593
0.04217689
0.31237635
0.24282661
0.056302797
-1.017909
0.60575235
-0.2448072
0.25845867
0.21329178
-0.55358917
-0.39493513
-0.18460952
0.39133465
1.1713811
-0.6744112
0.8286139
-1.2672524
-1.3475422
-1.8385414
-1.336714
-1.1950828
0.7803871
0.7718196
-1.0739064
-0.011277752
0.82025725
0.6488877
-0.5386032
0.10205413
-0.85874027
-1.134738
0.26383504
-0.36927983
-0.55181843
-1.7748948
-1.2014668
0.3563349
0.9331104
-0.73253113
-0.5147771
0.4545213
-0.29458472
0.8812694
-0.47199404
0.5306489
0.42463952
-0.37722272
0.7091018
0.011534807
-1.2762675
-0.7821629
-0.17972521
-0.64748305
0.60465056
0.52309966
-0.16753937
-1.4932317
-0.010965275
1.249286
-0.6787844
-1.3716261
1.3495775
1.3110116
-0.3467584
-0.74417007
-0.8108294
0.3407989
0.11360451
-1.3064306
-0.68338674
0.45724908
1.949709
-0.8557238
0.48032853
0.57994384
-0.75051415
-1.4716167
-0.6169206
0.52668434
-1.7628348
0.68671674
-0.6585308
0.3961081
0.3926083
1.4673066
0.21018407
-0.90431213
-0.33907837
-1.4747956
0.6045558
0.51740605
-0.5318877
0.72870994
-1.0180347
-0.20730487
0.307005
0.51112014
1.1350558
1.0843257
0.99968743
1.1255263
0.045111805
0.17455159
1.5965275
0.836021
-0.35505083
1.8567436
-0.049584318
-1.4568816
-1.5139178
1.3752432
-0.52148485
-0.3524395
-0.07242953
0.9847466
-1.3161598
-0.5777115
-0.64946973
-0.15675603
0.04027486
0.51290506
0.26996946
0.30920455
0.6582036
0.8701338
-2.3666575
0.5332354
-0.09405384
1.7790097
0.27268666
-1.6944655
-0.7510581
-0.26617026
-0.21868385
0.35507858
-1.2464092
-1.5693997
-0.4073373
-1.4791659
0.20503314
-0.59550893
-1.3723719
-0.5388725
0.72724783
0.7180009
-0.40495744
1.3367949
1.5830828
-1.132359
-0.25788578
-0.2955559
0.8754103
-0.36550966
-0.48846328
0.7296448
-1.2946724
0.00039291565
-0.35228944
0.260846
-0.38993764
-1.6919326
0.83823663
0.651916
-0.61027247
0.8223664
0.470955
0.5722617
-0.04444062
0.33868167
0.4495601
-0.04190008
1.5427135
-0.099365726
-1.0492527
0.13311696
1.2118694
0.6436176
0.443484
0.68483865
0.4481764
-1.1082791
-0.24642287
-0.18416965
0.2320021
0.033576075
-1.4761653
-0.47002667
0.51774895
0.116545945
0.20606363
1.3335077
0.06445485
-0.6210052
-0.07358622
-0.5510709
0.37758163
1.643468
-0.0032412636
-0.3187687
0.87807596
0.8643854
1.7442678
-0.22198577
0.054157514
-1.6269103
-1.176292
0.17887062
-1.5072865
0.9324569
0.62926054
-2.4034808
-0.22447458
0.43716985
2.241969
-0.93940365
0.8146611
-0.29049358
0.9678674
-0.39366725
-0.26722524
1.3878303
0.508013
1.2086204
1.1488702
-0.55060446
0.4027583
0.018591007
1.1028109
0.22824058
0.83063984
-0.017809115
1.502053
0.44832224
-0.74442255
0.50084877
-1.3202791
1.9086041
0.8060846
-0.13579158
-0.4195463
-0.06571399
1.9924812
-0.99206144
1.329396
-0.84294957
-0.4199413
1.6784197
1.0830162
0.14640388
-1.1408579
0.6930148
-0.11408368
-0.43914294
0.25918293
0.7217902
-0.8114144
0.80918455
-0.5983418
-1.3562623
0.9885441
-0.99833703
-0.09073244
-0.16871816
1.8534125
0.41481978
0.61182946
0.021604702
-1.3090457
0.38418126
1.1167302
-1.2526823
0.35891795
-1.0261788
0.59109753
-0.8123484
1.1480787
-0.65683955
0.3773834
0.44979388
0.39625692
0.07548943
-0.033098
-0.23030381
-0.5249921
-0.57511073
-0.58877784
-0.5439366
-0.504017
-0.71391714
-0.054110486
1.5968945
-0.3473685
0.875176
0.14049368
-0.22670732
-0.11967048
1.0219245
0.79375803
0.3026687
0.21348366
0.32758456
-1.32043
-0.87938327
0.9977592
0.25092307
-0.5748613
0.48491633
0.40327677
0.029301386
-0.44337007
-1.1630167
0.77428615
-0.5990588
-0.106834054
-0.20255849
1.1372279
0.6573915
1.1895938
0.22073738
-0.7218123
0.0580925
0.05524211
0.0802083
0.5259073
-0.5893422
1.261141
1.7765601
0.4260857
-0.26185235
-0.21716121
-0.5602164
1.5490254
0.58385694
1.2663059
1.7512859
0.17937757
-0.49937797
0.45256618
-1.0251215
-0.39719766
0.64676017
-1.1825378
1.2890732
0.56692636
0.09517373
-1.4163302
0.10608582
1.0244178
-0.34268203
-0.0057021417
-1.2515452
0.82108384
1.2707452
0.1758089
0.27085954
1.449146
0.57313466
-0.81975913
-0.35179698
-0.06943789
0.90079045
-0.11611661
-0.843273
1.3404642
0.5414031
-0.3402575
-0.48088217
0.32232723
-0.79996586
0.46747065
0.9443932
-1.7497351
0.6375648
-0.6510796
0.3285643
-1.043833
1.3223821
0.04192123
-1.5534228
0.034538396
0.4769958
0.26174048
-0.29552323
-1.5593308
-0.6443086
-1.6917174
-0.58180475
-0.89603454
1.2862285
1.3636298
-0.5577587
0.25115928
1.04187
0.7363129
-0.013691234
-0.26852122
0.1312356
0.035714403
1.4296466
-0.17867583
0.8265402
-0.47131675
0.5313702
-1.5990504
0.6651587
0.14395422
-0.009502244
Name: emma
0.16404603
0.03787017
-0.32826075
1.0611434
-0.17928876
-0.0327871
0.21137181
0.5841973
-0.33902764
-0.87435937
0.19403361
-0.9699992
1.3758705
0.40599614
-0.99021757
-0.18267399
0.31535274
-1.102922
-0.29933545
0.53192633
-0.29640415
-0.21456508
-0.0375019
0.83765996
-1.7104877
-0.1442498
0.2854883
-1.0564107
0.4135721
1.0728177
-0.09909576
-0.6071662
-1.2070222
-0.3652175
1.0984123
0.726688
0.20813753
-0.39894664
0.6154028
-0.8417048
-0.98951757
0.39799303
0.8268694
0.5053117
0.39065322
-1.0561059
0.73703086
0.0060155094
-0.3407973
-0.11562443
-0.3672648
0.250719
0.3463291
-1.4550521
-0.18618447
-0.19273078
-0.20576937
-0.10824048
0.18923095
-0.0394335
-0.13758151
1.0500188
0.08507922
0.2527158
-0.80242527
1.616672
-0.27389094
-0.23979756
-0.028140612
-0.15575981
-0.8160974
-0.64988434
0.5468091
-0.96385026
-0.651857
-0.7710371
-2.0982308
0.9315779
0.60788643
-0.45823914
-0.37599403
-0.64020884
0.05851057
-0.22273834
0.8085042
0.21288694
-0.261492
-1.0014544
0.28928715
-0.5284775
-0.004647523
0.16641563
-0.19335426
-0.519261
-0.12744044
-0.074802026
-0.08106546
-1.1866373
0.13742945
0.17142268
1.1251643
0.13789389
0.12760329
0.9332119
-0.8336896
-0.047157377
-0.40623128
-0.051828414
0.014046662
0.30943322
0.67401975
0.3472708
0.58135194
-0.28392768
0.63301134
-0.64823985
0.094323516
0.8156674
-0.0035212524
0.28321326
-0.4303323
-0.20250195
0.24633192
-0.64891386
0.14615418
-0.68445945
-0.6744647
0.54208446
0.13830918
1.6796592
-0.5734621
0.29796085
0.5670289
0.3420774
-0.5306678
-0.014288485
0.036072277
-0.89597857
0.019016951
-8.070469e-05
0.18572192
0.24960744
-0.3664323
-0.52484304
0.35378692
-0.17017055
1.2872263
-0.6183832
0.47442162
-1.074003
-0.3697219
0.023195742
0.12643328
0.10362655
-0.2633994
-0.33372018
-0.17784983
0.4710897
-0.36821145
0.53705764
-0.32750362
1.4089763
-0.09498665
0.43275458
-0.4670756
-0.5205324
-1.1764987
1.0085794
0.20458208
-0.93367815
-0.096762896
-0.030967996
0.46069217
-0.2501283
-1.3363044
-0.13880336
0.52643156
1.0395277
0.2708408
0.044448286
-0.0026696622
-0.65044355
-0.66061676
0.828283
-0.11747452
-0.06294754
-0.15162629
0.48755845
0.97829795
-0.21699479
-0.23982288
-0.2443316
0.38616747
0.3623123
-0.62923884
0.13809788
0.51530135
-0.2757459
-0.0037132502
-0.14542246
-0.23137349
0.8056127
-0.2327797
0.007114142
0.35330087
0.9936198
-0.14250346
-0.74628335
0.45394376
0.0059978645
-1.0065612
1.1536005
0.3089677
-0.60225123
-0.28984517
1.324774
-0.35808897
-0.7027272
0.75513214
-1.2426124
-0.48001003
-0.68090725
-0.946008
0.06510925
0.58747685
0.29269472
0.32140726
0.54882276
-0.2539375
0.076671794
-0.869987
-0.085751295
-0.49483803
0.35905355
0.8350087
-0.04026152
0.37692955
0.6798854
-0.5807344
0.10053296
-0.29827344
0.03179821
-0.80224186
0.11464487
0.13866152
-0.018332995
-0.68413925
-0.04810761
-0.057582997
0.7624291
-0.52669615
0.68457305
-0.5106237
-0.13383895
0.14526758
-0.28680182
0.53668207
0.35762626
-0.3278302
0.7605699
0.35079128
-0.8747976
-0.37781173
0.014627591
-0.07140544
-0.74991643
-0.37809947
-0.2323541
-0.58995
0.592047
-0.5363314
0.38204
-0.11532174
-0.25813767
-0.26508725
-1.3131509
-0.023050398
0.049945388
0.9037199
-0.33552247
0.20189756
-0.038797602
0.4253657
-0.2654409
0.19230038
-0.47420898
-1.265264
-0.28750023
0.03474769
0.8081976
-0.78283954
-0.3844154
0.74063665
1.1204035
0.5617563
0.27156198
-0.6053857
0.7508371
-0.5624858
-0.5449234
-0.37174624
0.6057405
-0.06958118
0.107448965
-0.7475936
-0.9257917
0.4628189
-0.7095031
0.90812147
0.18249217
0.7675795
0.33640102
-0.5111969
0.60890514
-0.48810625
-0.23006202
0.8195976
-0.4915008
-1.3426949
0.43665853
0.37433076
0.4836883
0.70814174
-0.98091424
0.26884902
-0.36813876
-0.62233996
0.05623778
0.5688389
0.09882474
0.6806781
0.29374564
0.49721953
0.10454839
0.8014855
-0.2602164
-0.89156413
1.5087414
-0.5175435
0.54869854
-0.99940056
1.0386097
0.6203583
0.81405294
-0.33056563
0.40008557
0.19025064
-0.539611
0.6548996
-0.27990353
-0.65525544
0.6989129
0.86786616
1.4211608
-0.39465258
0.8902459
0.8357349
-0.07536432
-0.5520164
0.2808345
0.886539
0.89963955
0.6078522
-0.3637429
0.031943083
0.364201
0.9470063
0.40142068
-0.2589234
0.25560927
-0.31779063
0.10307722
-1.0102963
-0.65426266
-0.02975823
-0.89871573
0.6370764
-0.3035931
0.3337059
0.36352727
-0.7503084
0.69023466
-1.0282238
0.7133008
0.21828513
0.6421908
-0.013275862
-0.47328585
-0.15567817
-0.60163844
-0.5363365
-0.30900785
0.4478323
1.0751067
-0.09207156
0.28734785
-0.08383091
0.38372058
-0.09456205
0.3143962
-0.8081001
-0.24467039
-0.5585215
-0.5462781
0.44854644
-0.9630994
0.69222
-0.08262088
0.16611019
0.7867893
-0.83284706
1.1235431
-0.024919823
0.7117429
0.071505725
-0.81692874
-0.42943597
0.033565335
0.36568937
0.2933768
0.9081648
0.7292502
0.48879826
-0.2815446
-1.1217406
0.34632924
0.1821247
0.41231856
0.3224765
-1.2431419
0.31035358
-0.40187055
-0.13881387
0.8408292
-0.40715587
0.40782636
-0.20851466
-0.20465466
0.46076685
0.96217954
-0.05757369
-0.6912722
-0.4971378
0.6308403
-0.41651076
-0.2998098
-0.68650514
-0.33272195
0.6190426
-0.16051826
0.06535876
0.7538643
0.12926051
0.8068911
-0.07933773
0.8048572
-0.348788
0.106407285
-1.082279
1.096801
0.43378782
-0.09867299
0.6095855
0.7621184
-0.74057853
0.10831696
-1.8447275
-0.19067387
0.93022823
0.24654835
-0.0963254
0.4504695
-0.48238242
0.31444055
0.67983687
-0.15429208
-0.82407194
-0.13312446
0.5571687
0.4380262
-1.0939867
0.47545397
-0.29717824
1.0547237
0.93726605
-0.27592933
-0.34245956
0.16799575
-1.1868562
0.5288418
-0.7041782
0.49790365
0.1592184
1.4924922
0.27869335
-0.48133665
-0.41837943
0.831043
0.029756397
0.85261446
0.36026222
-0.14787601
0.61635995
0.04222089
0.07823936
-0.11108566
-0.3185831
0.017203957
-0.08800477
-1.1475884
0.51069397
0.2393336
Name: natt
-0.16289379
0.56773394
-0.18323614
-0.75654584
-0.22014974
-0.3138317
-0.5891524
0.64472276
-0.64171976
-0.0776246
-0.30636537
0.16168952
-0.97402716
-1.1842557
-0.73912734
0.3603461
0.7748287
0.64730436
-0.16730504
0.52551836
-0.07203719
0.2508618
-0.6756389
0.24084924
-0.1291041
0.2764522
0.019910896
-0.8536305
-0.6456384
0.23312843
0.13709478
-0.59238833
-0.7866735
0.4195591
-0.7709705
1.3172482
0.8687401
1.2028989
-0.2950624
-0.6002847
-0.3897682
0.12418095
-0.072808065
1.0258791
0.20807922
-0.5893917
0.8452565
0.20011795
0.05637375
-0.7243784
1.2366484
0.9711678
-0.89967483
0.07066307
0.3306488
-0.12253382
0.8759324
1.0652318
0.118474245
0.5093542
-0.20610428
0.7441995
1.1821357
-0.8316364
0.30253622
0.17717268
0.37328637
-0.5184908
-0.36965862
-0.06321595
0.4365737
0.054665785
0.36892104
0.7302873
-0.037935376
-0.41127583
-0.5062463
0.6680004
-0.18831398
-0.010700134
-0.7223632
-0.23694015
0.8205877
0.1578554
-0.16604765
0.16291969
-0.7887478
-1.3006659
0.6173976
0.653416
0.53773683
-1.5549611
0.22206421
0.5065619
-0.060181215
0.29054204
-0.2357818
0.8379913
-0.38031062
0.2258861
0.83360785
0.58312815
0.027677221
-0.6390138
-0.6407333
0.11933628
0.17026812
-0.41629574
-0.3275315
0.40357223
0.13953608
-0.65113586
0.68233424
1.589424
-0.4640948
-0.086892664
0.8879462
-0.71547073
-0.20662594
0.13121425
-0.5364442
0.49844953
-0.50136644
0.32088608
0.4348487
-0.10809209
-0.5145715
0.23156403
0.056224704
-0.9084837
-0.043361235
0.7000208
0.30189863
0.3144038
-0.015880683
0.044137757
-0.07054641
0.4632146
0.048004013
0.102155186
0.962406
0.8512247
0.15116115
0.68804115
-0.8507765
0.62758
-0.583986
0.50273365
-1.3270713
-0.27900353
-1.1374611
-0.7626789
0.40606198
-0.20561607
0.87428594
-0.46804357
-0.25577798
0.7155892
-0.3778846
-0.59773314
-0.19032426
1.0150572
-0.8238471
1.0474015
-0.41231894
0.003867502
-0.8377659
-0.5728317
-1.3598747
0.64546293
-0.25409046
-0.68600225
0.6319028
0.51428694
-0.19169347
-1.2078875
-1.0018605
-0.812697
0.87357664
-0.34702325
-0.14690717
0.6131187
-0.90998787
0.10306618
-0.18375182
-0.57895267
-0.23964907
-0.35346785
0.29286692
-0.11686327
-0.13659732
-0.29239333
-0.16016473
0.3451213
-0.16253744
-0.12819888
0.37738633
-0.39571798
0.31851128
-0.532501
0.1465754
-0.60223323
-0.61201423
0.26010153
-0.50113976
-0.2074265
0.06947888
0.80871683
-0.9835555
-0.6711677
0.24449682
0.7106998
0.062225282
-0.5229847
0.5042757
0.15845864
0.39662275
-1.0405003
-0.08239001
0.20051056
-0.825556
-1.1094211
0.06334142
0.44416213
0.66604024
-1.2882217
0.03422842
-1.0109462
0.1614741
0.0060508302
-0.6395239
0.62777966
-0.35070124
-0.16096085
0.44104978
-0.3004655
0.044692565
0.8230799
-0.5296064
0.34027126
-0.7683937
-0.11789373
0.20940547
0.6765156
-0.47744656
0.2180844
-0.1824894
0.33509502
-0.23546731
-0.09325081
0.626043
-0.0631068
-0.234724
0.89196515
-0.89956266
-0.23812981
0.029623056
0.28409111
0.70348763
-0.78054255
-0.27506948
0.60830945
-0.1600556
-0.87250906
-0.8080804
-0.63010967
0.08853233
-1.053773
-0.2027779
0.517965
-0.5103577
-0.331831
0.13531391
0.617076
-0.23570156
2.0499632
0.30386147
0.6344603
-0.07475533
-0.3551035
0.72551376
-0.3961408
-0.0905178
0.34806708
1.2958063
-0.22476883
-0.7915204
-0.37473193
0.15168063
-0.5058752
0.661464
-0.36875597
0.00019814819
-0.5752395
-0.6119264
-0.2947459
-0.21050401
-0.2755325
-0.062938906
-0.08900485
0.519816
0.13635145
0.3099588
-1.2677737
-0.97941
-0.7419955
-1.0836605
-0.41340277
0.69464874
0.08468914
0.038972724
-0.23065178
0.79998714
0.15872212
0.86554307
-0.8691818
-0.20674807
-0.07189753
-0.10539829
0.21981037
0.020087203
0.22181843
-0.74718267
0.5585574
0.6915007
0.14145471
-0.70007664
-0.66466933
0.15827604
-0.8508601
0.9365144
-0.6718316
-0.3577554
0.92081195
-0.4998784
0.62579554
-1.3830814
0.05242841
0.34827876
-1.1461378
-0.6489236
-0.8234661
0.020136297
-0.20572186
-0.5991156
0.33256117
-0.111816704
-0.27905235
0.3917379
0.1982861
-0.12582316
-0.7963956
0.70009476
0.22933765
-0.18072873
-0.32953
-0.5549363
0.011165927
-0.42296275
-0.26036873
0.013515383
-0.5132757
0.3333534
0.40386757
-0.36226937
1.1408234
-0.24618329
-0.43987206
-0.39942944
-0.4380355
0.49330863
0.74436575
0.77440214
0.30334798
-1.2069035
-0.7698414
0.72744876
-0.51048505
0.6652199
0.3271176
0.14383104
-1.1440042
-0.15221685
1.4278208
-0.70190936
0.44867143
0.33042356
-1.0445399
0.06670316
-0.8263319
0.5566178
-0.86970454
-0.060586464
0.17130868
0.9816518
-0.850501
-0.62219083
0.5501678
-0.2846662
0.12220323
-0.28114852
0.488719
-0.5881757
0.5125361
0.5247876
0.61801356
-0.4540366
0.46818566
-0.65053886
-0.29064003
0.6203861
0.519479
-0.39422795
0.16284887
-0.4509255
0.10477514
0.1522529
-0.18323736
-0.074319504
0.29302216
0.65535325
0.41812983
-0.50343114
1.0070428
-0.13987462
-0.47438827
-1.0717261
0.3444693
0.19317359
0.13309665
-0.36376905
0.79925245
-0.23327659
-0.9017553
-0.08677569
0.7648063
-1.1027093
-0.27383575
-0.9086955
0.059127152
-0.43008134
0.15638602
-0.30949268
0.46476468
-0.084183015
0.6006317
-0.84070426
0.5697735
0.3520116
0.023876926
0.4392035
1.1869019
0.41607
-0.5474996
0.35490978
-0.7519029
0.3532996
1.2865809
0.78118676
-0.020432433
-0.6071705
-1.1814481
0.5528395
0.1356061
0.039217394
0.2931496
0.47787914
-1.0904855
0.24541481
-0.3013706
0.32865912
0.6993697
0.18679507
-0.15736145
0.04582374
0.13560824
-1.4887648
0.869041
0.37882102
0.3067262
-1.1168295
0.1995558
0.4348493
-1.1746907
0.5491143
-0.6306792
0.37782428
0.29913017
0.101668335
0.19530356
0.9798476
-0.21796344
0.24438584
0.41543725
0.26786283
0.23171085
0.37136784
0.023916893
0.9604625
-0.068395644
-0.12486228
0.14575423
0.15121284
0.7101297
1.006081
-0.3792111
-0.21202797
-0.45192516
-0.980819
-0.14435187
-0.15284862
1.4640522
Name: monto
0.8802973
0.7499118
0.87327915
-0.09831771
0.8421362
-0.7673199
0.3963646
1.5880437
0.86688936
-1.2534626
0.4472256
0.7348427
0.69015574
0.41757968
1.336286
-0.31975928
-0.5107764
0.5446209
-0.74098253
0.34917575
-0.2810925
-0.35467014
-0.21469727
0.094708644
-1.7371045
0.8227776
-1.3689088
-2.3383627
-1.9117869
1.028277
0.15359534
-0.22263251
-0.26979765
-1.235443
0.5498201
1.1533288
0.38109472
-0.7038316
1.1793388
-2.4225352
-0.9840336
-0.54789984
0.96918607
0.45501086
-0.13087508
-0.9040297
1.4847842
-1.3516066
-2.1621044
2.2298074
-0.9436235
-0.14118837
0.33595732
0.8852406
-0.25429714
0.23855868
-0.09750873
-1.1009135
0.8472979
0.10708102
0.21992636
-1.1539556
-0.03822132
-0.24250354
-0.28937587
-0.41604716
-1.1846621
0.7465154
0.83818734
0.013921272
-0.46598738
0.32331064
1.1423957
-0.25664073
-0.29235467
-0.04051972
-1.3058606
-0.27515218
0.5431704
-0.57198405
-0.20885757
0.09693772
0.95471466
-0.25088206
-0.60777605
-1.2707765
-0.54424095
-0.55803937
0.45626312
-0.17940986
0.13526644
0.46821997
-0.542431
1.105731
-0.22067717
-1.388365
-1.3114514
0.21306308
0.67570496
0.6470011
-1.3597912
-0.40315983
-0.7412055
-0.92939556
-0.89364034
0.15695731
-0.5571667
0.5103676
0.6045841
-0.09119273
1.0554708
0.026874643
-0.5951306
-0.52872705
-0.3823363
0.38007298
0.00039918764
0.40171012
0.2872268
0.26600093
0.5144711
-1.4970316
0.22935843
-0.8036331
-0.80933684
-0.57530355
-0.012160287
-0.7558999
-0.28025135
1.0754308
-0.06155928
-2.1415045
2.0248528
0.08792175
1.2031204
-0.50105
0.37271398
-0.87180513
0.3715603
-1.210857
-1.26548
0.6698374
-0.74018997
0.8883519
1.457524
0.20297168
0.33358762
-0.04484893
-1.1601111
-2.4302726
-0.13164501
-0.41289014
-0.9519519
1.5792383
1.7046776
0.20322464
-1.4778751
0.26478365
0.051902615
0.2174668
0.8951202
-0.019923631
1.0531394
0.79879475
-0.7946004
-1.549162
0.2830101
0.05033124
-0.028823614
-1.0820926
0.6348101
-0.73355633
1.2882392
0.011808607
-0.865613
-0.7529766
0.33955258
0.09091697
0.8844685
-0.40620798
-1.7745355
-0.08297469
-0.075759165
0.9532768
-1.1436849
2.0680943
1.0239502
-0.41654328
-1.6667646
0.63256925
-0.37361938
-2.6737838
-0.47346598
-0.8538541
0.1926468
-0.46723711
-0.049927477
-0.8235899
-0.21490674
0.90327096
-0.28504214
0.96025866
-0.58845973
-1.4418231
0.06275922
1.445768
0.61236846
0.38871175
-0.9060115
-0.4555749
0.7282647
-0.15521945
0.39775452
0.5057224
0.4345085
1.2933025
0.66385335
-0.41344178
-0.52105784
-1.241433
-0.035177242
0.09031863
0.20461328
0.17826387
0.72480625
0.4869269
1.4961414
-0.4670137
0.39574057
0.97794396
-1.4972292
-0.5542674
0.45411104
0.7945319
-2.1784601
-0.4975668
-0.86123675
0.36812738
0.59528023
1.0628009
0.3734744
1.0070914
-0.53912807
0.27615678
-1.0543231
-0.31142357
-0.101437435
0.7737469
-0.3975312
0.57844007
0.3893479
1.2945592
-0.28593856
-0.0926501
-0.5450335
-0.83400804
-0.52653956
-1.8313463
-1.480124
-0.31755975
0.6973798
-0.6545847
0.09473535
0.08809571
-0.071461685
-0.3298351
0.91323465
0.11438058
-1.6639768
-0.34315977
-0.75845975
0.63878363
0.6719517
0.6370876
1.1357894
0.94839644
0.3020021
0.9157557
0.1495312
-0.23458621
-0.973867
-0.48350522
-0.7052262
-0.4854162
1.0026144
-0.89779615
-0.19353995
-0.43052572
-0.7916246
0.70554507
-1.451874
-0.3557924
-1.0248227
0.22673354
-0.2608881
0.6360161
0.26394144
0.94562405
0.5242263
-0.2615932
-0.11865657
1.530128
-1.6303836
-0.18088618
-1.2930641
-1.755563
0.0099142445
0.3368493
0.7661396
0.57749283
0.19075683
0.56149346
-1.5110459
0.1462001
-0.6965434
0.61285365
-0.9110089
-0.8563392
-0.7622099
0.65642184
0.05633055
1.9767138
1.4713533
0.9355743
0.7134587
-2.1376343
2.188929
-0.29908165
-1.0344609
-1.2697612
0.6328909
0.3066775
1.310519
-0.8606918
-0.679401
-0.48725766
-0.35780504
-0.9015851
0.9903737
-1.1917856
-0.38571328
-0.7925675
-0.42906782
-0.32551986
0.058455866
1.8299904
-1.9204025
-0.8264388
0.3718361
0.11895583
-1.0850039
1.6254898
-0.37040356
1.2927982
0.2838759
0.9267131
0.5937812
0.7642197
1.4377061
0.84899634
-1.6553502
0.39147896
-0.35470495
0.12822291
-0.73921674
1.1334286
0.72316146
0.5249695
1.1584247
-1.6094682
-1.1714536
0.9402253
-0.38188106
0.8765008
0.139328
0.7100869
0.53313154
-2.023683
0.45509726
0.13520265
0.035647787
-0.17417869
-0.7218408
-1.1758074
0.63665146
0.40801197
-0.6928664
-0.9671129
0.69614345
0.9887316
-1.4588705
0.22070433
0.9050759
-0.027586315
-1.2988983
-1.6194948
-0.10938824
-0.3462469
-0.09896604
-0.5880218
-0.11581386
0.13749206
-0.6509897
-0.92376286
0.56214195
-0.5064645
-0.05753008
0.94382817
0.42074308
0.8064515
-0.07146425
0.052223187
-0.7689939
-0.5573705
-0.46539518
0.66067773
-1.3694065
1.1518042
-0.8337756
0.8717834
0.27663422
1.2282195
1.526607
-0.098560296
-0.117834896
-0.23610109
-0.7500983
0.14999399
0.97699606
-1.2891483
0.79708266
1.4977905
-1.3915263
0.09558005
-0.34468368
-1.1338685
-0.57703114
-0.2847894
-0.9668771
0.20237023
-0.3444122
-1.1538107
-0.5544725
-0.19601928
-0.7353767
0.85807776
-0.8086633
-0.23762125
-0.45024312
0.35030282
0.40600997
-1.4817069
-0.15397413
0.5151005
-0.9971799
1.9766623
0.4239123
-0.033950318
0.114978
0.77643734
0.19093584
0.9339581
1.0916485
0.39126423
-0.47774467
-1.2646085
-0.70513153
-0.7616687
0.6836606
-0.6879847
0.593512
-1.4687259
0.06899542
0.6913296
-1.0644565
-0.52725106
1.4217703
0.6577871
-0.09379372
-0.6565534
-0.83951366
-0.6796023
-0.52903223
1.006876
-0.5568671
-0.99004734
0.76691955
-0.27293304
0.3675995
-0.5229475
-0.309314
0.11596444
-0.31475925
0.37325564
1.3380344
0.077455774
0.8071774
0.2712094
-0.36349365
0.20928827
0.5696212
0.4094563
0.13403343
-0.6510893
2.1501062
0.779886
-0.024603335
0.9700844
-0.51674724
-0.73592186
1.1649759
-0.2618518
Name: KATE
-0.40409946
-0.14761293
-0.40003365
-0.4031386
-0.15155013
-0.5536548
-0.6003452
-0.06767065
-0.028683476
0.32291606
-0.74149275
0.25305894
-0.9360626
-0.65619874
-0.4311179
1.0786245
0.16799915
-0.049263
0.14054897
-0.8015598
0.10912283
0.35063234
-0.44244725
-0.114886865
-1.5479281
0.95975983
1.0773019
-0.32645905
0.02975589
0.040652215
-1.1482944
0.14896518
0.78905135
-0.46444398
-0.37139922
0.4140096
1.245049
0.018772136
0.97297406
-0.5205114
0.1776864
0.83485687
-0.24417436
1.308732
0.6961459
-1.4306169
-0.094074555
-0.08434221
-0.6815581
0.7799946
-0.5699799
-0.4373209
-0.028779037
-0.42957154
0.0025451183
-0.35770068
0.45659825
-1.022693
-0.7036327
-0.16379054
0.22778884
-0.18077722
0.46743363
-0.6569834
-0.1686989
0.013694502
-0.4847632
-0.0006312877
0.43610707
-0.31283313
-0.6072581
0.27554613
-0.10657559
1.0434006
-1.1170344
0.47065338
0.08367444
0.36965317
0.051292054
0.5639243
0.53927994
-0.68226457
0.98862916
0.45254672
-0.7065054
-0.714623
-0.11904019
-0.2526666
-0.4042533
1.1160188
0.10699811
-0.6805197
-0.25990582
-0.6470223
1.0721631
0.53980595
-0.2539926
0.4234965
0.37437093
0.43289262
0.5563878
0.035697468
-0.1299086
0.02463293
-0.6156007
-0.41862106
0.50062174
0.4314068
0.94225
-0.26069486
0.34006834
0.42964292
0.4725462
-0.109423146
-0.10788951
-0.24295631
0.21019116
0.8054056
0.9525643
0.6485549
-0.10642642
0.11016647
-0.53768533
1.2174798
1.112931
0.22089383
-0.6339378
0.56161624
1.0088193
-0.6133711
-0.2731361
0.3382232
0.44417775
-0.17757817
-0.17893909
-0.34290034
-0.195138
0.0069064796
0.3192769
0.7295725
0.49709046
0.54862785
0.13556623
0.5679709
-1.0300579
0.37181655
-0.40268043
0.36934495
-0.75469875
-0.020014122
0.049973235
-0.87509084
-0.8217532
-0.33784813
0.9478446
0.34975344
-0.2768786
0.17918897
-0.3955508
0.21419844
-0.03833121
0.6537891
-0.7681341
0.17886071
-0.28607982
-0.55853057
1.100199
-0.7940642
-0.11040266
-0.29753962
0.37339026
-0.38112932
1.0150633
1.0287085
-1.397135
0.094607145
-0.87253165
0.4883563
-0.13347214
-0.94222534
0.029083937
0.52826416
-0.8836999
-0.52921146
-0.034456022
-0.6764427
0.23736587
0.28960845
0.47589812
0.13197058
-0.6533603
-0.14343387
-0.5653328
0.4231646
-0.04159639
0.11312285
0.6142256
0.37084958
0.59417576
0.8803055
-1.2218939
0.35617232
-0.036296263
-0.60180384
0.12639387
0.56644875
0.11703234
-0.6757399
-1.0077496
-0.2284188
-0.20456912
1.0937912
0.39214575
-0.12566827
0.37563446
0.41351724
-0.16512209
-0.85207814
-0.580267
0.91357815
-0.6531961
0.27489492
0.030326761
1.3735514
-0.4186486
-0.58992296
0.17443252
-0.42748046
0.17221329
-1.0955046
-1.3736696
0.9055228
-1.3468995
1.0739747
-0.101677686
0.11064626
-0.5875366
0.82815933
-0.29718485
0.60045016
0.6352419
0.94705737
-0.53717005
0.54952574
-0.3852804
0.38192636
0.68164134
0.06862638
0.47332934
-0.38513336
0.28847533
-0.15269834
0.6248456
1.2011733
-0.47294137
-0.53194153
-0.40481472
-0.1400907
0.99543095
-0.012951277
-0.007888928
0.1530646
0.05037375
-0.7393869
-0.53319246
-0.6247787
0.191664
-0.49294317
0.2757334
0.5374998
-0.06879446
-0.23029912
-0.1962095
0.50670344
0.81894726
1.0157131
-0.1774987
-0.063705355
0.52254057
-0.27553424
0.3294407
-0.015541881
-0.28074533
-0.9031303
-0.41176277
-0.20564263
0.5870623
-0.95655143
0.11358151
-0.06951024
0.26281425
1.4511467
0.2089573
0.13666958
-0.7544857
0.5558377
-0.14284863
-0.42113677
0.6491179
-0.7407045
-0.4614835
-0.15460522
0.45480192
-0.5285816
-0.7537686
-0.13007054
0.011342389
0.36325052
0.33021146
0.90126395
-0.20846891
-0.68816483
0.7014034
1.4061022
0.7257595
-0.23662612
0.100112915
1.397447
-1.3469205
0.036392912
0.44895178
-0.59745705
-0.8206589
0.8788234
0.6210029
0.30736428
-0.086011544
-0.5504233
-0.042519987
-0.12156409
1.1872244
-0.117503494
-0.42581117
0.5902351
0.2692294
0.16811213
-1.0923005
0.26032647
-0.44542098
0.06381941
-0.685455
-0.39638972
-0.4414871
-0.22252455
-1.0144305
0.731446
-0.7076182
-0.7100235
-0.2023904
-0.0952485
0.060968325
0.5377901
0.40302485
-0.78079104
0.016388983
0.9319191
-0.1636818
0.1431101
-1.1262363
0.78835726
-0.863833
0.43555307
0.58171177
-0.504974
-0.33822042
0.7436875
-1.3537862
-0.19827925
-0.10127276
0.39583522
-0.28058022
0.6185236
-0.10624748
-0.27033445
-0.103937104
-0.47141653
0.5159028
-0.07939069
0.6196794
0.09766862
0.8284468
-0.5849546
-0.31652084
1.4367843
-1.4323077
-0.083195895
-0.48487717
-1.0659564
0.6695352
-0.74444616
1.4301803
-1.0848418
0.18601331
0.41020602
0.382516
-0.8685121
-1.0759789
0.188437
0.17519285
0.5954369
-0.43954143
0.30974486
-0.18100686
-0.4346875
0.86849713
-0.5787927
-0.7021303
0.6030456
-1.1670481
-0.18188593
0.6108371
-1.0451301
0.7680084
1.0309536
-0.40860018
-1.2301121
0.4622029
-0.44963372
-0.2070393
-0.34806228
-0.75696903
-0.61667943
-0.39221406
1.0884336
-1.5327518
0.8605318
-0.9867065
-0.013653487
-0.094797805
-0.72605056
0.3647632
2.2212827
0.264032
0.23345096
0.77368826
0.037276275
-0.005925223
0.4303561
-0.98544466
0.0856407
-0.629309
-0.1582627
1.0936863
0.38857305
0.06878202
0.8023572
-0.70351446
-0.05067382
-0.0073724836
0.6805308
2.035977
0.6775784
0.29650128
-0.34666184
0.35660812
-0.105198205
0.06788404
0.35307497
-0.53423846
0.6296394
0.030714512
-0.30892536
0.8249156
0.59493506
0.37499905
-0.49681243
0.8785573
-0.14964968
1.165505
-0.26479626
-0.09103644
-0.019629806
-0.09438089
-0.74927264
-0.3698208
0.511701
0.08135095
0.14747438
-0.28864312
-0.1277889
-0.5614329
0.36623192
1.135172
-0.77855325
-0.42066327
-0.009149943
0.022487648
0.84525573
-0.30215913
0.09557767
0.26836774
-0.4224043
-0.914623
1.356852
-1.1053541
0.2667631
-0.558385
0.70388293
0.2940259
-0.23428406
1.2600496
-1.0430375
-0.9003997
0.31506762
-0.061689716
-0.7703105
-0.27597934
-0.42522037
-0.31445703
-0.14737049
0.22478634
0.19386429
Name: LEE2
0.43007243
-1.1233656
0.9122789
-0.8649811
-0.15619525
0.24922937
0.24116975
0.5598363
-1.0129316
-0.46175146
-0.53392345
1.1822338
-0.82173693
0.3232016
0.33450982
-0.33502984
-0.61890906
-0.11069083
-1.0954243
-0.56148636
-0.09151134
-0.86067367
0.8543538
0.5247704
-0.79901534
1.230195
0.33473015
0.05309452
0.6484189
-0.8443513
0.89085996
-0.7541828
0.5016168
0.10373519
-0.8380921
0.7472488
-0.6979067
0.22189534
1.710122
0.29741096
0.24313077
0.22017252
0.2652603
-0.40604484
-0.6773427
0.23767665
-0.25275582
-0.963575
0.455267
-0.9453535
0.8409696
0.51419723
1.0375657
-0.44485992
-0.004944898
-0.34748998
0.19965726
-0.51003885
-0.21924953
1.2553945
0.17356059
0.3005572
0.51255405
-0.32057986
-0.6320133
0.70816326
-0.9157522
0.8064494
-0.09384235
-0.4534541
-0.337505
-1.5726168
-0.3992301
-0.5310523
-0.8512109
-0.27971622
0.83491594
0.7116035
0.18440555
1.0904255
0.8215455
0.6276012
0.4144797
0.42967623
-0.08144534
-0.53233624
-0.38727054
0.10489392
0.7877592
-0.8127935
-0.42850056
-0.53845423
0.4744267
0.40252465
-1.2419362
-0.51604104
-0.13528116
-0.85424685
0.12284264
-0.4197295
-0.2640235
-0.2765126
0.3576709
-0.34791806
0.3320613
-0.25429037
-0.466704
0.1334362
-0.39243785
0.14439031
-1.2357867
-0.05893098
-0.24023075
-0.39532286
0.27054936
-0.25539616
1.1830626
0.16239196
-0.04609909
-0.29039264
-1.0698133
0.54061025
-0.55766326
-0.005344279
0.68676364
1.1144043
-0.56916934
-0.60493827
-0.015840594
-0.75101864
1.2654084
0.44992727
-0.29547194
0.0357098
0.27952623
0.56500494
0.409717
-0.083667435
-0.84002984
-0.14473443
-1.0067773
1.0526285
-0.18906495
0.72041756
-0.25075856
0.32757154
-0.7785487
0.7920034
-0.3840897
0.9480098
-1.2821677
-0.18731894
-0.036501095
-0.9584131
-1.4391623
-1.3028436
0.87281775
0.47165686
-0.3062822
1.3064799
-0.46595272
0.939694
-1.5656269
0.2526941
-0.3760556
0.7544673
0.5843437
0.49087816
-0.27650324
-0.29841858
1.1240454
-0.90397376
0.6303988
-0.6039766
-0.4585775
0.89337623
1.5133647
-1.0301375
-0.3707927
-0.46571997
-0.14180113
0.31278518
0.35012266
1.237973
-0.6646303
-0.30191663
-0.3104903
0.13092072
-1.1798548
0.37883425
-0.16184096
0.8459759
0.08652061
-0.3051633
0.7120552
-0.42069376
-0.16274899
0.38215712
0.5214563
0.5934585
-0.25830942
0.03402534
-0.7965916
-1.8070211
1.0362698
1.5093064
0.26515225
-0.4037788
0.11030811
0.48275593
-0.748352
-1.45188
0.12886621
0.4931669
-0.35849798
-0.7619347
-0.2982155
-0.38482177
0.031479806
-0.2549544
-0.8353119
0.70416164
0.14850506
-0.76178545
0.19842058
-0.13884906
1.3112762
-1.2342895
1.0565643
-0.26089126
0.7112365
-1.6351812
-0.86552423
0.53410953
-0.3051704
-0.8052227
0.44619694
-0.39826167
-0.23612034
-0.029534396
-0.8575261
-0.89294004
0.61929876
-0.06878185
-0.16263343
-0.17116281
-0.13190946
-1.561354
-0.67884004
-0.22384843
0.31663632
0.25423515
-0.12095795
-0.012051625
1.2933439
-0.7604563
-0.2548462
0.69470155
-0.41780436
0.22467911
1.1439037
0.06709136
0.9577047
0.7603269
-0.19160365
-0.013699532
-0.4677105
-1.6328762
-0.47248644
-0.3586344
0.12022863
-0.20385574
0.94528294
-0.37441415
0.51202893
0.93174016
0.2166798
0.42345375
1.2581756
0.121879295
-0.0060880464
-1.1500899
-0.4755582
0.4552921
1.0919832
0.1390263
0.35758817
-0.60735047
-0.17004703
-1.1189524
0.2853374
0.31032994
0.06830749
1.0215213
1.6000142
-0.3995978
-0.29623345
-1.1700729
-0.15796301
-1.0416248
-0.06780283
0.74217325
-0.10603531
0.017980129
-0.062084615
-0.28245002
-0.6061855
0.14454573
-0.12222527
-0.12427911
-0.4942418
-0.43252105
0.2356111
0.716965
-0.4242715
1.4127171
-0.2686938
-1.1246232
-0.39124587
0.24318624
1.2193146
1.1677887
-1.218876
0.1899474
0.37617147
-0.52494127
0.4120107
-0.13546759
1.3881878
0.81473947
0.9371362
1.0159919
0.553874
-0.37972137
-1.1248423
0.18427077
-0.010781139
0.9830959
-0.25740474
0.24181588
0.4243417
0.74150676
0.58436567
0.3712409
-0.1280303
0.67542845
0.42359045
-0.5789598
0.9481729
-0.13862433
-1.2206469
0.42339557
0.26815814
-0.04070353
-0.41629198
0.16649567
-0.08554172
0.16233942
0.096916586
0.07216571
-0.7158437
0.30707273
0.8756923
0.54556775
0.7713979
-0.32167917
0.380637
1.2135254
-0.25002235
-1.0148531
0.86400914
-0.02000685
-0.42546397
-0.56988895
0.14269276
0.86841905
0.8559907
0.93315864
-0.54761136
0.74750984
-0.40374777
0.011739612
0.42876828
-0.13563366
0.09762687
1.2145109
1.2666332
-0.49762475
0.19123557
0.338745
0.015182912
-0.63683045
0.149597
0.18856122
0.05300054
-0.3369733
0.22199032
1.1994264
-0.46020132
0.4387628
0.34418148
-0.57204825
0.055326536
-0.20053898
-1.2797868
0.56232023
0.5863162
1.018775
0.116685055
-1.3357418
-0.43957883
0.78927743
-0.8547766
-0.10801253
0.6827752
1.2377107
-0.8370892
-1.1565813
0.61613274
0.8262855
0.3999111
-0.06499672
-0.2844595
0.2040803
-0.9993788
-1.0697889
-0.798587
-0.16972847
0.073917225
-1.0810775
0.08277507
-0.88024366
-0.69212687
0.42054984
-0.3742763
-0.20445299
-0.5666311
0.6687484
-1.0115756
0.1049485
-0.0099696815
-0.5574613
-0.31886074
-0.58542496
0.17617315
0.5461998
1.2017906
0.124800004
0.8473383
0.41233397
-0.7152766
-0.38295564
1.1015005
-1.1425793
-0.032757565
0.8604681
0.021243267
0.72102123
-0.43686253
0.22324654
0.24170041
-0.77993906
-0.023948371
-0.8072859
-0.50889087
0.25960505
0.027732432
0.3689895
0.04250077
1.2536626
-0.3279752
-0.3796555
0.809702
1.0565397
0.44296086
-0.61744255
-0.61014056
0.23955768
-0.8476017
0.331797
-0.7410144
0.9269283
-0.44205177
-0.32755578
0.10259327
0.56388396
-0.30504894
0.12612891
0.9675416
0.7275718
0.4589268
0.09707409
0.10707628
-0.70437205
0.22004457
-1.8307829
0.79640543
-0.49915853
0.124678165
-0.24869314
1.0793792
-0.3387443
1.3928555
-1.0261314
-0.08045964
0.18884774
-0.28780103
-0.20553046
-0.03339433
-0.06999861
-0.12850198
0.9893184
Name: NAT
-0.27717504
0.33138388
-0.1646933
-0.46694508
-0.23864388
-0.026279122
-0.22354509
0.7303474
-0.7156508
0.07874343
-0.5163781
0.06055057
-1.0431063
-1.0409502
-0.57546955
0.38469923
0.4609455
0.70431197
-0.17852677
0.42926285
-0.1436473
0.50417477
-0.486684
0.20749134
-0.15129873
0.24776068
-0.018374633
-1.0025786
-0.54063654
0.1898751
0.31283832
-0.5734807
-0.5438881
0.52027303
-0.641302
1.2746196
0.5870119
1.0813873
-0.5381961
-0.50202835
-0.47229087
0.1363171
-0.21898484
0.939973
0.109015405
-0.59748846
0.86408806
0.36854726
-0.11908722
-0.87741196
1.3113265
0.6054642
-0.7497664
0.02730837
0.1523607
-0.2833169
0.61183345
1.1701694
0.050596558
0.43172574
-0.30575305
0.78524286
1.0099471
-0.93503505
0.2823742
0.1450271
0.35299066
-0.33449093
-0.32323247
0.14164074
0.5205229
-0.08199033
0.34135503
0.8917442
-0.20381218
-0.11896957
-0.45890778
0.6022856
-0.20988268
-0.15503354
-0.68587375
-0.25787008
0.7305884
0.105930865
-0.38556275
-0.07523572
-0.75947237
-1.1466926
0.39029744
0.41170174
0.70576024
-1.4057617
0.3156204
0.5603436
-0.02427168
0.046231344
-0.55501986
0.68054897
-0.22465712
0.096348695
0.7181479
0.5210036
0.07047438
-0.57157373
-0.68413055
0.17679483
0.15492539
-0.29992023
-0.37647343
0.43934697
0.24996592
-0.6755969
0.5558598
1.5490657
-0.32318628
-0.07469231
0.80935526
-0.6931019
-0.07383736
0.031197801
-0.69308615
0.37689778
-0.5789192
0.36477622
0.28915492
-0.099713326
-0.5570128
0.2308241
-0.2098439
-0.86149967
-0.074218035
0.49722072
0.21707825
0.3213212
0.21890523
0.09517624
-0.25525394
0.31482136
-0.0071977433
0.14945453
0.87949884
0.7571327
0.05670984
0.72867596
-0.80283403
0.61546004
-0.43624297
0.5601008
-1.5032678
-0.36615974
-0.7920052
-0.7978544
0.4078359
-0.3434493
0.69661427
-0.2184836
-0.20740922
0.76212215
-0.33542842
-0.6919102
-0.30273774
0.87090546
-0.43458006
0.91007173
-0.5512412
0.013770132
-0.59711015
-0.5745871
-1.1541022
0.36636582
-0.2684539
-0.652693
0.6118187
0.4832231
0.062022753
-0.9394403
-0.89569896
-0.6495315
0.85245603
-0.6001291
0.08566027
0.6182499
-0.88289404
0.034890447
-0.31547523
-0.5264858
-0.21881132
-0.29795897
0.4918409
-0.29692206
-0.21284002
-0.454485
-0.1729806
0.29249313
-0.16531186
-0.06070397
0.38147593
-0.37663478
0.26905352
-0.6665478
0.1633394
-0.4170419
-0.5472021
0.47189838
-0.46018052
-0.29078072
0.04080403
0.9092411
-0.9215454
-0.60431194
0.3884947
0.8945482
-0.047836304
-0.52021384
0.37638885
-0.0202135
0.24621764
-0.81812453
-0.12519367
0.091036975
-0.7471534
-1.1167525
0.3726104
0.42834848
0.42207214
-1.189311
0.14386322
-0.80956745
0.09980318
0.03711775
-0.5280167
0.647727
-0.2235786
-0.083351575
0.26546288
-0.20974056
0.029323025
0.6907734
-0.5071543
0.44472873
-0.80323267
-0.1635231
0.2356768
0.62889427
-0.47188884
0.17103347
-0.35773155
0.5269564
-0.26829192
-0.013541952
0.50090086
-0.15092719
-0.115019575
1.0637633
-0.9339025
-0.40237996
0.039899956
0.18219262
0.677719
-0.84932196
-0.19612953
0.35953307
-0.06360145
-0.6814468
-0.6485798
-0.6540883
-0.05285079
-0.9048991
-0.06511087
0.32623553
-0.55750513
-0.064331025
0.027863167
0.62767315
-0.03150192
1.5835371
0.46002448
0.47829112
-0.1731367
-0.3051882
0.55010545
-0.5337118
0.047736604
0.23467872
1.2290852
-0.15932319
-0.7754648
-0.382114
-0.08997119
-0.36368996
0.5031095
-0.40592474
-0.09725657
-0.91847277
-0.71527743
-0.34233645
0.04074844
-0.43632603
-0.1992425
0.014536865
0.6655934
0.085498326
-0.015341029
-1.1136146
-0.9525815
-0.6828828
-1.0309639
-0.53233665
0.6227986
0.1293084
0.054997675
-0.18726194
0.7686826
0.27776757
0.7877939
-0.6951386
-0.14696564
0.028073926
-0.18859647
0.051262703
-0.13995872
0.14680195
-0.600598
0.44911772
0.72513276
-0.118599825
-0.7013433
-0.5799544
-0.06413265
-0.7420621
0.9336971
-0.6494543
-0.29608604
0.8650644
-0.57274234
0.705811
-1.4323404
-0.016844586
0.41358852
-0.9605632
-0.7329158
-0.8169179
0.22192705
-0.119429424
-0.3140828
0.2809779
0.074442
-0.16513649
0.43781772
0.44187507
-0.15367118
-0.744864
0.63475204
0.18918656
-0.39770487
-0.28373823
-0.54755056
0.046376664
-0.2642907
-0.23725563
-0.15707251
-0.35669845
0.47270155
0.41718352
-0.1340449
1.2712073
-0.30018455
-0.61820906
-0.4771342
-0.23429361
0.62447864
0.5810318
0.813179
0.16873989
-1.1223783
-0.63161916
0.5928172
-0.2952941
0.55638516
0.27683133
0.1340501
-0.841799
-0.024210848
1.4723661
-0.683237
0.37504798
0.280573
-1.1783768
0.31176996
-0.51702607
0.53618085
-0.73690224
-0.24035925
0.32972208
0.8693258
-0.7223643
-0.4838416
0.78969395
0.07980445
0.103380345
-0.10886973
0.5730455
-0.7258683
0.5334753
0.52205426
0.40882888
-0.39244878
0.41981167
-0.44917297
-0.4821431
0.52058446
0.3718912
-0.3223142
0.049590874
-0.5859788
0.07459234
0.18613443
-0.30272618
-0.32795948
0.40682536
0.53493273
0.3304157
-0.43815997
0.9919826
-0.17244065
-0.27842754
-0.9638941
0.15365984
0.17716826
0.52983946
-0.51557374
0.8000772
-0.37854105
-1.0813787
-0.009520356
0.8625907
-1.0062655
-0.3310356
-0.7589177
0.0099637415
-0.40059456
0.20643386
-0.26909512
0.3506974
0.19308455
0.57629037
-0.7224864
0.72331107
0.3578183
0.13280489
0.4249255
1.0341561
0.25994414
-0.4096409
0.38827786
-0.687303
0.27822462
1.0101144
0.7082075
-0.24039805
-0.6457077
-1.1793925
0.42226857
0.1382018
0.0030947644
0.22036727
0.3608697
-1.0481644
0.23016149
-0.07458359
0.4721953
0.73251426
0.1718835
-0.023275793
0.044420823
0.06983971
-1.3424444
0.8606467
0.21908784
0.33733898
-1.1461314
0.044480667
0.3956462
-0.9216001
0.5949872
-0.80002594
0.3597299
0.32924426
0.052638162
0.26331598
0.7535012
-0.08566303
0.036817938
0.3945055
0.11685364
0.12563804
0.51079977
0.092781484
0.9691242
-0.06263756
-0.14075713
-0.15351579
0.37430018
0.636868
0.96358174
-0.56649727
-0.17002341
-0.32696474
-0.92016613
-0.004079491
-0.4508286
1.6148825
Name: TARA1
0.088798806
-0.31288743
0.72142
0.15058741
0.9551063
1.0700494
-0.70583844
-0.4409168
-0.57100487
-0.19097123
0.41056418
0.37919912
-0.91929114
0.33202976
-0.2361307
0.10569808
0.252526
2.244642
0.025725536
0.82631624
-0.17241512
-0.7033764
0.95110786
2.4972064
-1.7339807
-2.0683222
0.09054996
-0.98608106
1.1222359
-0.85371995
0.2618604
-2.4524148
1.1641315
0.5829263
-0.7296272
-1.5045991
-0.4914163
0.7163014
1.0928018
0.09006581
-0.6592052
-0.2503732
-0.07155561
-1.7382659
0.3169368
-0.6970306
0.6378479
-1.1835208
0.7486201
0.38512123
-1.0366509
-1.1267738
0.46315873
-0.13593307
0.09079693
0.14738706
0.9124042
0.73498577
-0.06927604
-0.33101195
0.6211071
-0.75323415
-0.36682695
-0.719067
0.6677766
-0.2794773
-0.050841678
-0.092561714
0.82371914
0.11618575
-0.5492424
0.06355047
0.032873835
0.48690653
-1.7367897
-0.34905896
0.32495773
-0.046040557
-1.1615324
0.37802637
0.021085676
1.5118246
0.38281855
-1.0132098
-2.2701385
0.3476955
-0.1317172
0.4381979
0.3879179
-1.117531
-0.9444786
0.45374247
0.17837206
-0.03942154
-1.0384215
-0.4578778
-0.4882403
-1.5580126
0.9938557
-0.48628566
-1.0484354
0.8718163
-0.64386654
-1.3341795
1.1983062
-0.5114233
-0.38570794
0.59432364
0.3901058
1.4505478
-1.3494653
1.1045307
0.84292907
-0.3788609
-0.005496557
-0.21986955
-1.0288616
1.5114647
-2.9429452
-1.1202805
-0.34322572
0.48490548
-0.8363048
-0.7395087
-1.2359879
1.3171072
0.05883328
1.5568494
0.9579963
-1.0189228
-0.025556918
0.49978855
-0.56251395
0.4394608
-2.2633886
-0.52891123
-0.89805126
-1.1630312
0.101023875
-1.8572797
0.59775406
-0.2637338
-1.5931649
0.44196612
-0.31401312
-0.3537953
-0.5942649
0.37802395
-0.61736596
2.076016
-0.123291045
-0.83234787
1.0066091
-1.4887716
-1.9727061
-0.5979519
0.7869385
0.29326263
0.051992297
0.53819
0.71610314
0.110162914
0.7944098
-0.8966871
0.57247657
-0.2775192
-0.32223207
0.13744202
-0.12211059
-0.83298135
0.10883338
-0.31987092
1.5269516
-0.9518617
0.21450941
0.6830663
2.3828228
0.46927238
-0.9588967
-1.3530014
0.05581653
-0.21597499
0.3518661
2.6053858
0.50214404
-1.5375013
1.3018411
-0.8410608
-0.551406
-0.4454303
-0.52077764
0.27359757
0.29324955
0.23208809
0.65588874
1.9405531
-0.22530554
-0.31339988
-0.2680141
0.8218467
0.9470083
-0.8099502
-0.74439985
-2.1224852
-0.39321345
-0.9905223
-0.50078416
-0.42290208
0.7774139
2.2671227
-0.6089284
-0.82015
0.41605705
1.0183145
1.0360214
0.7018377
0.084559284
-0.50320256
1.6763328
-2.196013
0.9715771
-0.501967
-0.45347658
-0.24091643
0.24821538
3.2662284
-0.29750282
-0.89787894
1.3228096
0.27107397
-1.0888274
-0.3136771
-0.49598062
0.11432238
-0.5183338
-0.503518
-0.43990135
0.7353679
0.31693947
-2.353339
0.09338594
-0.6664207
0.29448205
-1.7739949
-0.57094985
0.017021663
0.7670767
-0.70183176
-1.1112261
1.2995174
-0.7246389
1.2560395
0.3540342
-1.3578593
1.0856813
0.16224475
0.2317248
0.054686423
0.61845344
-1.3032509
0.085240625
0.06735503
0.827183
-0.37765315
0.6423646
-2.1366446
-0.9800236
-0.46405676
0.94767505
-0.34040883
0.09473237
0.14333573
-1.500982
0.5835017
-0.2542754
-1.4175013
-0.9411206
-0.04918063
-1.0360105
0.27419788
0.6912448
0.4348388
-0.23327798
0.531621
0.18221995
-3.3475835
-0.63924485
-0.6055026
-0.020408561
-0.25884184
-1.1229008
0.86861426
0.9716632
-1.1952978
0.46575558
-0.50435925
-1.0702763
-2.0429573
-0.37389016
0.11708489
-1.5958456
-1.150904
0.3333478
-1.0710349
0.59996665
-0.6629166
0.4429735
-0.6793471
-2.1565483
-1.7000954
-1.0424343
0.4253823
-0.84742165
0.6560254
1.1937937
-0.7970779
0.31884882
-2.2388718
-1.7034104
-1.2839663
1.8767421
-0.726883
1.1189762
0.789257
0.77142704
-0.5275461
0.35535
-0.16467631
-1.0537431
-0.4383707
1.0488957
0.06148838
0.7227166
1.1365778
0.76916873
-0.018573156
1.8788948
0.021338185
-0.32744002
1.0306553
-1.4099092
1.0842258
0.46194163
1.2106149
-1.1194472
-0.27194083
-0.16220914
0.0008082752
0.6340211
0.6726716
-1.1755533
0.54644907
0.064398356
-0.111233
-1.1292185
-1.0827945
-0.36093506
-1.0008688
1.4357442
-1.0128343
0.9463837
-1.2814627
-1.2344401
-0.083551206
-0.11915591
-0.3746934
-0.6289711
1.8993335
-0.48923218
-0.39061216
0.22955757
-0.1981392
0.6700268
0.38489163
0.2094191
1.3901472
-0.03493904
1.5327427
-0.74924594
0.45843947
-0.80854326
1.6025127
1.1802173
0.10675324
-0.86127615
-0.64249545
-0.1543115
0.011297525
0.79961485
1.237034
-1.0292659
-0.2579568
0.7700059
0.7861288
-0.6032805
-0.9600038
0.23253147
-0.14614458
0.7038743
0.13747016
0.52198905
-1.6728263
1.3671848
-0.4280906
0.8354706
-0.6894175
-0.39753178
0.43450382
0.75533336
0.29110053
-1.7105343
0.7611863
-0.6894008
-0.616477
0.33632612
-0.14597291
-1.8164362
-0.15218015
0.082567655
0.13344632
-0.58852947
0.11732391
0.5988105
-0.757034
-2.5186477
-1.6564811
1.4480677
-1.2566149
-0.4976636
0.15718642
0.96995217
-0.7027227
1.7676041
-0.45852932
-0.89993423
-0.5715356
1.0344949
0.5807573
-0.57900196
0.8523075
-1.1029205
-1.6721148
-1.0152217
-0.5823224
-0.28124955
-0.68744296
-0.97856355
0.2615144
-1.0816151
0.7897639
1.0544453
0.5790896
1.4675814
-0.26090553
0.4623593
-0.26821586
-0.20200711
0.18468393
-1.8097494
1.3218962
-0.1560229
0.2682567
0.9584451
0.6733818
-0.15519552
1.011998
-0.48620206
0.48716173
0.3527165
-0.021465903
-1.4094901
-0.047439992
-0.31577998
1.2663424
1.4485105
-0.39971033
-0.51862264
-1.584127
-1.3940442
-1.736535
0.258263
1.4987677
0.10555479
0.20796981
0.120201595
1.0703604
-0.07844767
1.8224342
0.9049408
1.1937866
0.35646585
-0.66697115
-1.3834133
0.56676257
0.59108865
-0.12715752
-0.62347114
-0.24756613
0.20715357
1.0219901
-1.393479
0.5365381
1.1396054
0.008093237
0.4344912
-0.7131303
-1.0458652
-0.08831834
-1.1150519
0.0049724584
1.9986383
-0.41687426
Name: SAMV
0.43770167
1.06612
-0.2889942
0.07896946
1.04004
0.13141131
0.29779547
0.29520273
-0.46892244
-0.7854301
0.23624006
0.3039333
-0.7662171
-0.40950295
0.6254628
0.2997256
0.14890002
0.44769746
-0.6150975
-0.60522926
-0.22693163
-0.78539073
-0.9944891
0.3773461
-0.6963987
-0.62230104
-0.06906739
-0.8223804
-0.3448056
-1.0817535
0.5057313
0.6144352
-0.6243729
0.3701073
-0.97094834
0.970361
1.1126649
-0.18856624
-0.10449819
-1.1580272
-0.58755666
-0.08747607
0.69521713
-0.58011556
0.58866537
-0.7266173
-0.097201236
-0.7294239
-0.71132535
-0.27701086
0.08165026
0.15534014
0.637609
-0.0030696988
0.15404633
0.55707115
0.26693085
-0.08196211
0.20720828
-0.50423044
-0.004285655
-1.4698187
-0.37128478
-1.8451664
-0.06291631
1.2979738
-0.13645318
-0.5147401
0.6100253
-0.96153367
-0.5789001
0.09379082
-0.37044525
0.29907617
-0.06422563
-0.67586005
-1.1653852
0.26863798
0.582564
-0.6072016
0.015872523
-0.043454483
-0.59923136
-0.29032353
-0.054304875
-0.20755784
-0.37558088
-1.3221288
0.03575617
-0.3786891
-0.50426674
0.112783164
1.5073082
0.31825507
-1.1116742
0.039844662
0.10518276
-0.5807344
0.0029432774
-0.4988904
0.32508245
-1.1498592
-0.55919164
-0.13279796
0.3769585
-0.48407713
0.3764099
0.19598964
0.27228415
-0.9834672
0.6304388
0.06679602
1.0727552
-0.21767509
0.8262774
-0.33762026
-0.15297599
-0.2550193
-0.3871924
-0.74978125
-0.8552985
-0.45917678
-0.12587667
0.66113245
0.43564183
-0.3911781
-0.03374508
1.4093685
-0.4609535
0.50355345
-0.26549098
0.6069865
-0.07107569
1.1877494
-0.30864215
0.9459829
-0.25087836
-0.6333804
-0.005680725
-0.79261947
-0.07959265
-0.6494422
-0.4679723
-0.25869262
0.06061226
-0.3918448
0.05851759
0.5173101
1.0821292
-1.4119194
0.06295799
1.6594516
1.068116
-0.842029
-0.43807286
-0.43757227
0.487672
0.55435693
0.14801222
0.58638436
-0.05499795
0.48777872
0.0999225
-0.15856051
-1.1649128
-1.1663046
0.38191152
0.1664076
0.0483115
0.51012516
0.9559375
-1.1123859
-0.6553435
-0.06930971
-0.8901133
0.6353448
-0.50982285
-0.38309354
-0.49367097
0.23562157
-0.34482938
-0.1748777
-0.54569083
0.6445868
0.70065105
0.47994542
0.009766549
-0.49378067
-0.11816369
-0.055616803
-0.4116467
-0.6892165
-0.30928615
-1.1755763
-0.6143404
-1.2167472
-0.18136515
-0.27173015
0.4349416
-0.0261091
1.2838168
0.48706263
-0.49613866
-0.35296765
1.2246338
1.4308863
1.7200301
0.30475026
-0.3121714
0.18867257
-0.8532995
-0.47166812
-0.9396874
-0.50906336
1.4670753
-0.0119972825
0.63457346
-1.3236657
0.7446964
-0.9089623
0.2965843
-0.12944499
-0.99624014
-0.6837153
-0.09229296
-0.4669584
0.28912148
-0.18809682
-1.0092012
-0.664348
-0.9926888
0.17715871
-0.20323162
1.6705574
-1.4591942
0.35525143
-0.53423506
0.20889622
-0.3934473
-0.26515192
0.48139125
-1.3358536
-1.0122893
-0.30674678
0.56564033
-0.06913158
-2.060301
-0.4151178
0.10766111
0.32778198
-0.239921
0.4239761
-0.6609904
0.63363
0.3654221
-2.667203
0.27099937
0.12945852
-0.39907438
0.07283796
-0.0450391
-0.016805947
-0.0014295876
-0.124372005
0.880125
-0.86478156
1.0860848
0.675464
0.5909395
0.634953
0.44047797
0.65640986
1.4205143
0.60781604
0.22871757
0.34316295
-0.58801603
-0.464563
1.186485
-1.0262194
0.25363252
-1.1806369
-0.34193105
-0.28597122
0.2987017
-0.34326485
0.37743264
-0.6489286
-0.86001194
0.071157634
-1.0369567
0.5618312
0.403435
0.60754514
0.23085748
0.64511776
-0.9603268
0.35908252
0.74382716
-1.8916589
-0.3776359
0.15050587
1.3124086
-1.1696967
-0.22007403
-1.4458004
1.9718419
-0.03116794
0.09720471
-0.6372682
-0.5705813
-0.92462957
-0.13594478
0.30205417
-0.58965826
-0.267516
0.15099119
0.091043204
-0.39871508
0.5168017
-0.37389442
0.07881302
0.329226
-1.3039407
1.8780352
-1.4424493
0.7926469
0.16684613
-0.043786883
-0.09385261
0.7546504
-0.6183025
0.64766717
0.52543944
0.3621179
0.45136386
1.0285168
0.54450536
-0.5199523
0.013089925
0.55341804
0.7129177
0.4338558
0.3941106
-0.7077529
1.7008293
0.43260205
-0.58840823
0.24199489
0.47285098
-0.3326
-1.0695025
0.027956247
1.0246885
-0.11180154
0.72515786
0.48806992
0.045388907
0.98832834
0.9332521
0.5121359
0.4923125
0.66999817
0.57026476
0.75796866
0.093569666
1.1524523
-0.05972602
-1.1937082
0.16107169
1.3791959
-0.70114386
0.3203556
0.18058321
1.5403508
1.2169714
-0.79639983
-0.77224195
0.4701504
0.26629147
-0.3078403
-0.08789143
0.29774794
-0.4936468
1.0611813
0.55068064
-0.75354385
-0.7607882
0.6459768
0.7326689
0.959527
0.43071824
-0.18858631
-0.27188668
-0.13693516
-0.41945112
0.5676216
0.7521912
-0.38092417
0.77142304
-1.1310402
-0.7465522
-0.20687623
0.35804552
-0.2610065
0.29097044
-1.2992555
-0.49601156
-0.00070026517
-0.26131338
-1.2248914
0.3701733
0.24585196
-0.29984227
0.49495664
-0.47963834
-0.9416442
0.5169269
0.0024541728
-0.11640715
-0.25289324
0.31337243
-0.1291042
-1.2921454
-0.8798553
0.42491096
-0.014132768
-0.078868076
0.49596563
-0.3101212
0.49415365
0.613152
-0.24812797
0.83536935
-0.31804702
0.08376531
-0.2960213
0.42555678
-1.2273258
0.63328135
0.395355
-1.075141
-1.3906994
1.1477708
-0.58003
-0.53396547
-0.5806221
-0.08239451
-0.50523764
0.04178589
0.25815743
-0.70714974
2.213459
0.2143834
-1.2685493
-0.39809906
-0.8265798
1.1405618
0.0032408386
0.7879245
1.0050089
0.3476565
0.525721
-0.5080451
0.9356638
0.7236297
0.19315168
-0.14894332
0.2298947
-0.4525345
-0.23322667
0.1430506
-0.562597
0.79751956
0.89694893
-1.1601543
0.8417319
-0.7545836
0.4944587
-0.5431708
-0.6874963
0.100785
-0.5042677
0.7095625
0.68077
0.44179103
-0.42354122
-1.219317
0.54555976
0.34716108
-0.22303714
-0.581146
-0.7175831
-0.2991661
-0.32595357
0.00089517236
-0.5282365
-0.15589894
0.9238919
0.7046928
-0.37221962
-0.6178224
1.3044813
-1.5303327
1.8523645
-0.24490926
-1.2347422
0.8953606
-0.17084542
-0.68006474
0.45196018
0.1953923
Name: MEGMEGMEGMEG
0.58733624
-0.6628486
-0.48832643
-0.47011185
0.13763948
-0.012292041
0.24704456
-0.78151554
-0.36688867
0.28685033
0.2160792
0.26239255
-1.2229924
0.8632368
-0.5470804
-0.03918627
-0.086807914
-0.718688
-0.5231434
-0.14304484
0.514802
-0.9103656
0.47056717
1.4108227
-0.9287145
-0.29299656
-0.19333333
-0.58998066
0.2018379
-0.168778
-0.009831168
0.3541239
-1.3565514
0.39274946
-0.0037663467
-0.49874455
0.66952324
0.22974147
1.8330841
-1.2680103
-1.0954492
-0.19773528
0.4384277
0.9977367
0.19414651
0.44986016
0.41485566
-0.4272366
0.28103256
-0.61975753
0.103693664
1.4839331
-0.084548905
-0.15838575
-0.26771176
-0.23935594
0.14982258
-0.8746844
0.12356438
0.30749056
-0.58470696
-1.5185245
0.36165512
1.4759479
0.9024875
0.23738123
-0.40736815
-0.5703932
0.18067354
0.35515332
-0.25017288
0.64288163
0.26084548
-1.0971421
-0.6552474
-1.0163429
-0.9417323
0.23874396
-0.3503774
-0.7426947
-0.4686018
1.2981899
0.7696006
-0.32115883
0.074300796
0.5207825
0.24124685
-0.60289586
-0.12447335
0.37037075
-0.68364716
-0.5595126
0.06794205
0.23660564
0.24214177
-1.1037039
1.8151737
-0.166468
0.61328524
0.18956691
0.19387284
-0.07716778
0.11068538
0.5380855
0.8011925
-1.1091856
0.57595015
-1.0385153
-0.32886538
-1.4369402
1.2760266
0.14009014
0.12137651
-1.2965146
1.365885
0.52330697
0.009343252
-0.41962603
-0.7791978
-0.5520464
0.08812945
-0.9199452
-1.5547487
-0.50181043
-0.2533405
0.9627961
0.52834266
-1.0858022
-0.5112866
0.3184983
-1.4790072
-0.37145567
-0.88626206
0.51204115
1.3325711
0.7243013
0.03168579
1.2117537
-0.21134144
1.1880035
-0.57966644
-0.778521
0.13560995
0.8181617
0.96150404
-1.9077703
0.44606343
0.9203243
1.0912683
-1.130664
-0.6984325
-0.18509117
-0.71081465
-1.6844816
0.60305506
-0.13797471
-1.2454495
-1.0661464
0.5972123
0.26592317
0.7972908
-0.3477329
0.0016528666
0.03359293
-0.033007845
-0.4656978
1.0972737
-0.06206808
0.5325067
-0.5860406
0.3928573
0.36621165
-0.8467183
-1.7499244
0.00016793609
-0.27702618
0.80378747
-1.036633
-0.6831164
0.8984178
-0.093040034
-0.6863904
0.19645351
1.0647689
0.9985287
-0.44499204
-0.28501278
-0.09559558
0.114952326
0.22685896
0.58318233
-0.35721228
-0.3025545
0.981481
-0.6957015
0.31216192
-1.010829
-0.24383007
-0.14163879
-1.1743819
-0.23628393
0.9763429
-1.5053669
0.38934523
-0.35666087
0.497113
0.54366404
-0.14890124
0.6085564
0.22428212
-0.52220875
0.416115
-0.112017125
-1.6708457
0.43867004
0.732646
-0.1437645
0.29762438
-0.3936399
0.6415132
-0.12470436
0.8699192
-1.3766497
-0.687276
0.8397603
0.35469007
1.4325423
-0.11505413
-0.32333928
-1.4422648
0.29244754
-0.1709505
-0.16715917
1.2891715
0.108030975
0.65026975
-0.22274345
-0.5657151
-0.22654712
0.95298123
-0.31320882
0.45569953
-0.9583511
-0.09728484
-0.5030549
0.02349981
0.065877065
-0.34061712
-0.34419614
-0.7117405
-0.41692722
-0.5350193
0.1189669
-0.32045937
-1.0606785
-0.4094134
-0.43149853
-0.25191543
-0.6566224
0.37168851
-0.42236817
0.37251863
-1.178554
-0.3555949
-0.46606535
0.2704869
0.0022453815
0.37106833
-1.224849
-0.7814368
-1.0425541
0.7232791
-0.23008327
0.012239099
-0.0019158125
0.821712
0.18155918
-0.888309
-0.63780797
-0.20849341
0.8590951
-0.05869376
-0.36178634
-0.2585705
1.612506
-0.55555654
0.39687398
0.576296
-0.42866054
0.15850995
0.07362133
-0.6396047
-0.6920643
-0.000367105
1.093508
0.21383259
-0.8854171
0.515093
1.4614271
-0.93152106
0.11889664
0.03349062
-0.22572964
0.071866825
0.9029873
0.4735477
0.5500201
-0.907553
-0.015023187
-0.43227884
0.36723417
-0.73861605
0.3491104
0.475343
-0.07821876
-0.12418522
-0.3732028
0.2021143
0.67430687
-0.57336605
-1.0568416
-0.14512616
-0.6862309
0.50416946
0.8717301
-0.7024871
-0.20268151
-0.100695446
-0.2601194
0.044219177
0.37900633
0.26131505
-0.7396941
-0.6092069
0.2387782
-0.1531484
-0.5017436
0.99578094
-0.21217188
0.306536
1.0613649
0.089375705
-0.31670624
0.6355402
-0.5652526
0.05927915
-0.059896223
-0.35767433
0.8010541
0.091459125
0.16521458
1.1200633
-0.6986755
-0.38399696
0.24210656
-0.019581497
0.09444958
-1.1535456
0.6015347
-0.040839255
0.28089345
0.0259962
-0.17629656
-0.46100587
-0.054225355
0.29437175
-0.8781903
1.291263
0.39865446
0.4712903
0.10947046
0.6658808
0.7867261
-0.117785186
1.330591
0.1476143
-0.8623402
-0.19403844
0.1230595
0.9953924
0.12580761
-0.5639429
0.505526
0.877501
0.79451287
0.21700752
-1.3926938
0.1957861
0.55395174
0.38517934
0.99924594
-0.12549852
-0.06625968
0.93004525
-1.1251297
0.4921137
0.69384104
-0.25184777
0.84411716
-0.72745913
-0.22183204
-0.18619213
0.0404556
0.57797015
1.7631018
-0.14986071
-0.18311736
0.59134185
0.03752558
0.5382253
0.0312418
0.59143066
-0.40732378
0.9318025
1.3105029
0.8084035
-0.28313023
0.9978781
-0.44019145
-1.0010521
-0.24891086
-0.40540892
1.6036983
-0.3284915
1.2375162
-0.19751729
-0.06535507
1.2327719
-0.24214755
-0.36249587
-0.08010478
0.11671735
-1.2175097
-0.16687272
0.2662108
-1.2014345
-0.8156101
0.4160329
-0.37888438
-1.027456
-0.2649357
-0.38363248
-0.13684532
0.027227473
-0.06453204
-1.2927105
-0.48748124
0.15363169
0.75854
0.3540811
0.958019
-0.9119857
0.22750723
1.0975904
-0.21038029
1.4938121
0.29016432
-0.16395035
-0.93687767
-0.031183332
0.8151142
0.28713027
-0.03529361
-0.6000298
0.66682684
-0.5357828
-1.2022266
2.1855412
-0.09477581
-0.23546515
-0.24821869
0.8175912
1.5213299
-0.3214063
1.5413613
-1.8700624
0.43803102
-0.27200958
-0.3360383
-0.9328803
-1.8075643
0.36425355
0.7331347
1.087787
0.0054943115
0.13063543
0.27842295
-0.78294885
0.7316556
0.7695206
-0.55283606
-0.48143083
-0.7415345
0.004956737
0.15180728
0.30360305
-0.38879582
1.1905222
0.82067525
0.4999578
0.27590817
-0.29020187
-0.3614273
0.29079038
2.118448
0.7351265
0.62532353
0.4250355
-0.2587201
0.93540823
0.4895671
1.1944089
Name: NAT2
-0.04025002
0.25088346
-0.12156273
-0.33927035
-0.21369699
-0.25031
-0.16438639
0.81265396
-0.9241133
0.06514725
-0.6271208
0.1768782
-0.91808313
-0.9556665
-0.41667563
0.23213531
0.45019746
1.0062186
-0.4203472
0.4251104
-0.28551564
0.503857
-0.3720662
-0.0076023415
0.03654565
0.25619313
0.10288747
-0.9636861
-0.7407075
0.18192601
0.32704908
-0.5759555
-0.5358418
0.78454673
-0.8928208
1.1646035
0.37356052
1.1032377
-0.50616443
-0.6098952
-0.35089612
0.21876578
-0.22183838
0.83573425
0.40086088
-0.7539574
0.92308575
0.5526154
-0.10147709
-1.014137
1.2549925
0.6165335
-1.021691
0.06863196
0.016440947
-0.37159318
0.52775407
1.1357503
0.04327474
0.22217594
-0.48449942
0.6727085
1.0890844
-1.1126237
0.1837255
-0.001763232
0.3824411
-0.36955494
-0.33748758
-0.0026049167
0.5971632
-0.00045922026
0.25135383
0.8672389
-0.16071111
-0.29257318
-0.45667356
0.7352872
0.06739941
-0.12875977
-0.69973433
-0.15763219
0.7269583
0.06042879
-0.37768367
-0.11572227
-1.0004888
-1.2848382
0.31483296
0.46751013
0.65465957
-1.4019067
0.31657958
0.6807538
0.0036795074
-0.20498618
-0.56332135
0.7797704
-0.43616486
-0.018567879
0.7348391
0.5317491
0.17894876
-0.51454914
-0.8336917
0.22646612
-0.0009297803
-0.55306435
-0.42368037
0.3205878
0.14621304
-0.6097075
0.50705516
1.4676938
-0.38213044
-0.073335506
0.62054336
-0.66232866
-0.099318534
0.008440794
-0.6950342
0.48244214
-0.6612186
0.17882472
0.27221763
-0.36105943
-0.6667477
0.11848438
-0.14959626
-0.8656738
0.2746616
0.6191211
0.14421172
0.27808046
0.16825327
0.1653448
-0.19512482
0.37475002
-0.050193306
0.07227065
1.2312877
0.6439414
0.0770197
0.8415233
-0.52104455
0.5090627
-0.4642886
0.65711933
-1.3101611
-0.54304814
-0.7795589
-0.83474827
0.41714987
-0.4973929
0.81553817
-0.30499148
-0.032468617
0.8171107
-0.117353804
-0.43765348
-0.3383508
0.65344596
-0.4957257
1.0876207
-0.4166522
0.08823605
-0.6105375
-0.34456557
-1.3355292
0.277111
-0.2887057
-0.6098273
0.44411677
0.41594857
-0.11116506
-1.0710012
-0.90984094
-0.8601455
0.71688044
-0.5452151
0.07120533
0.69440866
-0.92675316
-0.057379685
-0.2870109
-0.5589216
-0.3376688
-0.42396936
0.5793134
-0.33607
-0.335234
-0.34581104
-0.30874944
0.23814835
-0.19646518
-0.2528596
0.27613524
-0.43610144
0.091642596
-0.71305543
0.28167397
-0.43752342
-0.54366577
0.65187216
-0.386759
-0.38537183
0.047961157
1.1503942
-0.958108
-0.7092329
0.31500223
0.980791
0.10627027
-0.6061396
0.32893807
-0.124419965
0.08420753
-0.83302236
-0.12254037
0.12298949
-0.6908805
-1.3198733
0.5684304
0.28485
0.44659483
-1.2350906
0.17197931
-0.7994622
0.07413064
0.085720986
-0.5622059
0.64175385
-0.29157943
0.103005245
0.07646652
-0.11046701
0.053998373
0.38569647
-0.59155744
0.5846885
-0.71426094
-0.055040393
-0.011202499
0.513005
-0.45726743
0.11028507
-0.5788549
0.7482649
-0.25853604
-0.060428128
0.65241545
0.046210833
0.07063315
0.93456995
-0.85093844
-0.34343988
0.10082231
0.075421184
0.35611987
-0.9040457
-0.15323398
0.06825139
-0.2752847
-0.7752178
-0.66150117
-0.48284364
-0.1979667
-0.7417538
-0.005195765
0.3249164
-0.49102098
-0.20827024
0.1595257
0.5754908
0.034544744
1.4361643
0.36256972
0.6363357
-0.21413255
-0.5759094
0.4243619
-0.85510486
0.10036819
0.24439345
1.1173928
-0.39734864
-0.66351867
-0.25256202
-0.37473464
-0.33797514
0.64519364
-0.4731976
-0.12825553
-0.75165343
-0.7072376
-0.3477512
0.024762034
-0.38865182
-0.20132162
0.101486385
0.5903038
-0.07243253
-0.11358592
-1.2153354
-0.9794575
-0.42943937
-0.9476093
-0.69768107
0.4794278
0.21747214
0.08616039
-0.17590606
0.8343727
0.5370888
0.940821
-0.65173554
-0.0545253
0.056688145
-0.26079586
0.08441268
-0.32170135
0.20489544
-0.5761977
0.42388296
0.7034807
-0.34356457
-0.88962865
-0.70255095
-0.043172047
-0.8096795
0.870962
-0.5725137
-0.38267875
0.7775756
-0.76655376
0.7306143
-1.3809072
0.058416985
0.47771478
-0.8474116
-0.67139536
-0.67227554
0.15291075
-0.25251693
-0.38874176
0.39085078
-0.033975363
-0.2938422
0.47417992
0.376045
-0.1549592
-0.81110185
0.7344692
0.32633787
-0.6036744
-0.182103
-0.7203271
-0.3052289
-0.2471362
-0.24611023
-0.035376858
-0.3988088
0.4090341
0.17689288
-0.105784535
1.1977957
-0.20124182
-0.56365156
-0.4520747
-0.4086188
0.6325898
0.32604763
0.78945696
0.14729062
-1.1580787
-0.81947136
0.51633656
-0.23794806
0.49883413
0.042536378
0.09143476
-0.8686077
0.061849725
1.4725556
-0.55254
0.48688164
0.326019
-1.254498
0.07473457
-0.59991145
0.5867585
-0.8497865
-0.36314872
0.22166461
1.0736252
-0.46364284
-0.3153683
0.953427
0.21588722
0.2744951
-0.19409914
0.42895806
-0.7630507
0.43292844
0.7161833
0.62754756
-0.43310553
0.34272113
-0.514246
-0.63856256
0.52334696
0.4284458
-0.31958312
-0.18360369
-0.6868814
-0.011647705
0.2996868
-0.38218057
-0.1985079
0.33296883
0.49203798
0.10548067
-0.45307696
1.0658171
-0.14222674
-0.10305451
-1.0108709
0.31922638
0.060319073
0.7707403
-0.5289328
0.7619541
-0.45981732
-0.9556259
0.09477177
0.74551654
-0.8630746
-0.24649908
-0.71576595
-0.05187546
-0.5667536
0.10263615
-0.2819496
0.31232673
0.10145432
0.6870065
-0.6436373
0.5443469
0.32469642
0.16053104
0.5032923
0.8540951
0.15231128
-0.43916643
0.5785037
-0.73247576
0.2816394
1.1651158
0.9017789
-0.26017496
-0.6293191
-0.9931681
0.4160564
0.23670633
-0.2293036
0.43444347
0.18894936
-0.99774957
0.26757085
-0.114397615
0.5223051
0.8062662
0.13049278
-0.15048501
0.17680883
0.21687716
-1.2585713
0.8586565
0.24559489
0.42902574
-1.1325078
-0.079817936
0.481381
-1.0948952
0.6378348
-0.71102715
0.36692274
0.218836
0.053423993
0.41186345
0.6191445
-0.14286298
0.044534888
0.21261843
0.010231063
0.11186005
0.40072197
0.13501732
0.9013199
-0.07214078
-0.17492926
-0.29947066
0.46516886
0.61781955
0.91351426
-0.5696881
-0.028602153
-0.28834224
-0.8511266
0.06430861
-0.45132953
1.6003065
Name: NAT3
-0.33431566
0.21320884
-0.15542188
-0.3221447
-0.24789096
0.11749716
-0.040741436
0.7731597
-0.7526163
0.15692744
-0.6213845
0.009981096
-1.077646
-0.9692974
-0.49364066
0.39687577
0.3040039
0.7328158
-0.18413764
0.3811351
-0.17945236
0.63083124
-0.39220655
0.19081238
-0.16239604
0.23341492
-0.0375174
-1.0770526
-0.48813558
0.16824844
0.40071008
-0.5640269
-0.42249537
0.57063
-0.57646775
1.2533052
0.4461478
1.0206316
-0.659763
-0.4529002
-0.5135522
0.14238518
-0.29207325
0.89702
0.0594835
-0.60153687
0.8735038
0.45276192
-0.2068177
-0.9539287
1.3486656
0.42261246
-0.6748122
0.0056310203
0.06321663
-0.36370847
0.479784
1.2226381
0.016657714
0.39291155
-0.35557747
0.80576456
0.9238527
-0.9867344
0.2722932
0.12895432
0.34284282
-0.242491
-0.3000194
0.24406907
0.5624975
-0.15031838
0.32757205
0.97247267
-0.28675058
0.027183566
-0.43523848
0.56942827
-0.22066703
-0.22720024
-0.66762906
-0.26833504
0.6855887
0.079968594
-0.49532032
-0.19431342
-0.74483466
-1.0697061
0.27674738
0.29084462
0.7897719
-1.3311621
0.3623985
0.5872345
-0.0063169124
-0.075924
-0.7146389
0.6018278
-0.14683038
0.03157999
0.6604179
0.48994136
0.09187296
-0.5378537
-0.70582914
0.20552409
0.14725402
-0.24173248
-0.4009444
0.45723435
0.30518085
-0.6878274
0.4926226
1.5288866
-0.25273204
-0.06859213
0.77005976
-0.6819175
-0.007443074
-0.018810421
-0.7714071
0.3161219
-0.61769557
0.3867213
0.21630803
-0.09552394
-0.5782334
0.23045413
-0.34287822
-0.8380077
-0.089646436
0.39582068
0.17466807
0.32477987
0.33629817
0.12069549
-0.34760773
0.24062473
-0.034798622
0.17310421
0.83804524
0.7100867
0.009484187
0.7489934
-0.77886283
0.60940003
-0.36237144
0.58878434
-1.591366
-0.40973786
-0.61927724
-0.8154422
0.40872288
-0.4123659
0.60777843
-0.093703605
-0.18322483
0.7853886
-0.31420034
-0.7389988
-0.35894448
0.79882956
-0.23994653
0.8414068
-0.6207024
0.018721448
-0.47678232
-0.57546484
-1.0512159
0.22681727
-0.2756356
-0.6360383
0.6017766
0.46769118
0.18888086
-0.80521667
-0.8426182
-0.5679487
0.8418957
-0.72668207
0.201944
0.6208155
-0.8693471
0.0008025784
-0.38133693
-0.50025237
-0.20839244
-0.27020454
0.5913279
-0.38695145
-0.25096136
-0.5355308
-0.17938854
0.26617905
-0.16669907
-0.026956517
0.38352072
-0.3670932
0.24432462
-0.7335712
0.17172141
-0.3244462
-0.5147961
0.5777968
-0.4397009
-0.33245784
0.026466604
0.9595032
-0.89054036
-0.57088405
0.46049362
0.98647237
-0.1028671
-0.5188284
0.31244543
-0.10954957
0.17101508
-0.70693666
-0.14659551
0.036300182
-0.70795214
-1.1204182
0.52724487
0.4204417
0.3000881
-1.1398556
0.19868061
-0.70887804
0.06896772
0.052651208
-0.4722631
0.65770066
-0.16001728
-0.044546936
0.17766944
-0.1643781
0.021638256
0.6246202
-0.49592823
0.49695748
-0.8206521
-0.18633777
0.24881245
0.6050836
-0.46911
0.14750801
-0.4453526
0.6228871
-0.2847042
0.026312478
0.43832982
-0.19483738
-0.05516736
1.1496623
-0.9510724
-0.48450506
0.04503841
0.13124338
0.6648346
-0.88371164
-0.15665957
0.23514487
-0.015374377
-0.5859156
-0.5688295
-0.6660776
-0.12354235
-0.83046216
0.003722649
0.2303708
-0.5810789
0.06941897
-0.025862206
0.63297176
0.0705979
1.3503239
0.53810596
0.40020657
-0.22232738
-0.28023058
0.46240133
-0.6024973
0.1168638
0.17798454
1.1957247
-0.12660035
-0.767437
-0.38580504
-0.2107971
-0.29259735
0.42393228
-0.42450914
-0.14598393
-1.0900894
-0.766953
-0.36613172
0.16637467
-0.5167228
-0.2673943
0.06630772
0.73848206
0.060071763
-0.17799094
-1.036535
-0.93916726
-0.65332645
-1.0046155
-0.5918036
0.58687353
0.15161803
0.063010156
-0.16556701
0.75303036
0.3372903
0.7489193
-0.608117
-0.11707442
0.07805965
-0.23019555
-0.03301113
-0.2199817
0.10929371
-0.52730566
0.39439788
0.7419488
-0.2486271
-0.7019766
-0.53759694
-0.175337
-0.6876631
0.9322884
-0.6382656
-0.26525137
0.8371906
-0.60917425
0.74581873
-1.4569697
-0.051481083
0.4462434
-0.8677759
-0.77491194
-0.8136438
0.32282242
-0.07628321
-0.17156638
0.25518626
0.16757135
-0.108178556
0.46085763
0.56366956
-0.16759518
-0.7190982
0.6020807
0.16911101
-0.5061929
-0.26084235
-0.5438577
0.06398203
-0.18495466
-0.22569908
-0.24236646
-0.27840984
0.5423756
0.42384148
-0.019932661
1.3363993
-0.32718515
-0.70737755
-0.51598656
-0.13242269
0.69006366
0.49936485
0.83256745
0.10143585
-1.0801158
-0.56250805
0.52550143
-0.18769865
0.5019678
0.25168818
0.12915963
-0.69069636
0.039792154
1.4946387
-0.67390084
0.33823624
0.25564775
-1.2452953
0.43430337
-0.36237314
0.52596235
-0.67050105
-0.33024564
0.40892878
0.8131628
-0.6582959
-0.41466698
0.909457
0.26203978
0.0939689
-0.022730336
0.61520875
-0.79471457
0.5439449
0.5206876
0.30423653
-0.36165488
0.39562464
-0.34849
-0.5778946
0.47068363
0.2980973
-0.28635734
-0.007038126
-0.65350544
0.05950094
0.20307519
-0.36247057
-0.45477948
0.46372697
0.4747225
0.28655863
-0.40552437
0.9844525
-0.18872365
-0.18044719
-0.90997815
0.0582551
0.16916561
0.72821087
-0.5914761
0.8004896
-0.45117328
-1.1711905
0.029107312
0.9114828
-0.95804363
-0.35963556
-0.68402874
-0.014617964
-0.38585117
0.23145778
-0.24889633
0.29366374
0.33171833
0.5641197
-0.6633774
0.8000798
0.36072165
0.18726887
0.41778654
0.9577831
0.18188119
-0.3407116
0.40496188
-0.6550031
0.24068713
0.8718811
0.6717178
-0.35038084
-0.66497636
-1.1783646
0.3569831
0.13949966
-0.01496655
0.18397611
0.302365
-1.0270039
0.22253482
0.03880991
0.5439634
0.7490865
0.1644277
0.043767035
0.043719366
0.036955442
-1.2692842
0.85644954
0.13922125
0.3526454
-1.1607823
-0.0330569
0.3760447
-0.7950548
0.6179237
-0.8846993
0.35068268
0.34430128
0.028123075
0.2973222
0.64032793
-0.019512821
-0.06696601
0.38403964
0.041349046
0.072601624
0.58051574
0.12721378
0.9734551
-0.059758518
-0.14870456
-0.3031508
0.48584384
0.6002372
0.94233215
-0.6601404
-0.14902112
-0.26448452
-0.8898397
0.0660567
-0.5998186
1.6902976
